   2.0000000e+00   6.1449429e-01  -5.4667758e-01   6.8796156e-01  -4.1920694e-01  -1.2924145e+00   9.8126422e-01  -1.4682010e+00  -3.1446284e-01  -5.9354007e-01   8.7818530e-01
   2.0000000e+00  -9.8971909e-01  -2.1746103e+00   8.2246942e-02   6.3271746e-01  -3.9135356e-01  -2.3629439e+00  -1.9234394e+00  -1.0312367e+00  -1.4367208e-01   4.0949641e-01
   2.0000000e+00   9.7333394e-01   5.9148694e-01  -3.8201728e-01  -2.3679932e-01  -5.9770169e-01  -7.8443308e-01   7.5550752e-01  -5.8429075e-01   6.7769142e-01   1.3006505e-01
   2.0000000e+00  -1.2088899e+00   7.9323187e-01   8.6653492e-01  -1.5259403e+00   1.1574345e+00   1.1407474e+00  -1.0267010e+00  -3.0353996e-01   7.8743377e-01   1.0396552e+00
   1.0000000e+00   1.8081511e-01   1.3337302e+00  -2.1577906e-01   9.7869472e-02   6.7704336e-01   4.2960192e-01   5.2976818e-01   4.5369245e-01   2.8637556e-01   2.6477959e-01
   2.0000000e+00  -8.8383945e-01  -1.5945201e+00   8.3009289e-02   2.1671803e+00   1.1681370e+00   5.1596883e-01   4.5371554e-01   2.2466293e+00  -1.2774163e+00   1.1154310e+00
   2.0000000e+00   2.7614294e-01   1.1685219e+00   6.5205033e-01  -3.3045475e-01   7.4962918e-01   9.0518895e-01   9.4597576e-01  -1.2701580e+00  -3.7766337e-01   8.7424354e-01
   1.0000000e+00  -1.1912860e-01  -1.4822914e+00   5.7758481e-01   7.5882064e-02   1.2446425e+00  -7.8481972e-02  -3.6349681e-01   1.8740176e+00  -1.3330620e-01  -8.0463774e-01
   2.0000000e+00  -1.4768122e+00  -6.4958895e-01   7.2383105e-01   9.0123885e-01  -3.6425548e-01  -2.2055836e+00   6.0183872e-01   1.5111119e+00   6.6594549e-01  -1.2393558e+00
   2.0000000e+00   1.0667141e+00  -2.2062721e-01  -2.6953577e-01  -1.0909760e+00  -9.9233029e-01   2.0787377e+00   3.2546068e-01   2.6062617e-01  -2.1105793e-03  -1.2718203e+00
   2.0000000e+00   1.0931184e+00  -1.6994635e+00   1.7223565e+00  -2.4562743e+00   1.3419381e+00  -5.4446411e-01   2.2250244e+00  -1.6167748e+00  -5.4319246e-01   1.2869550e+00
   2.0000000e+00   4.2637921e-01   5.2654772e-01  -6.3253988e-02   8.2714397e-01  -6.3689141e-01  -1.2036081e+00   8.9646461e-01   3.3435111e-01   8.1359905e-01  -6.0912599e-02
   2.0000000e+00  -3.2817703e-01   3.6072283e-03  -1.3212150e-01  -5.5380505e-01   9.1148180e-01  -6.4487309e-01  -4.9620707e-01  -9.6218299e-01  -6.5058411e-01   4.0477285e-01
   2.0000000e+00  -1.8914753e+00  -8.8836042e-02  -4.5901857e-02   1.8736528e+00   3.5443720e-01   2.2075580e-01  -6.3796281e-01   1.3428701e-01  -1.0436029e+00  -5.3657383e-01
   2.0000000e+00  -8.6935803e-01  -1.4914242e+00  -1.0282093e+00  -9.9959113e-01   5.9927642e-01  -2.5915584e-01   2.2810846e-01  -1.5120062e+00   9.8167112e-01   7.8230579e-01
   2.0000000e+00   3.0033728e-01   4.9132415e-01  -2.8791929e-01  -1.3252397e-01   1.3261718e+00   2.5425785e-01   7.5820509e-01  -1.4372805e+00  -1.5799862e-01   4.3256165e-01
   2.0000000e+00   1.2846861e-01  -4.1824865e-01   5.0457046e-01  -1.5314346e+00  -6.4197204e-01   1.2478055e-01  -2.0348904e-01  -1.3733095e+00   1.6673465e+00   2.7885639e-01
   2.0000000e+00  -4.3022061e-02   1.4607311e+00   9.6769971e-01  -6.4359533e-01  -1.6217858e+00   8.7569656e-02  -7.6595094e-01  -1.1499000e+00   3.4840749e-01   4.6151253e-01
   2.0000000e+00   1.4844470e-01   1.3857947e+00  -1.5476854e+00   1.0741655e-01   4.4913697e-01   1.1375440e+00   1.6538908e+00  -2.1921737e-01   8.7979743e-01  -6.4150556e-01
   2.0000000e+00   1.1649985e+00  -1.2829563e-01  -1.2701531e-01  -4.7706948e-01  -1.0140378e+00   7.6612944e-02  -2.0843328e-02   1.0047257e+00  -5.9653872e-01   1.2719996e+00
   2.0000000e+00   9.6011987e-01   1.8598286e-01  -1.3651082e+00   1.2149857e+00  -1.7455819e+00   1.1204722e+00  -1.8061407e+00   1.9211068e+00  -2.4686063e-01  -2.4543166e-01
   2.0000000e+00  -1.6314338e+00   1.1872920e+00  -2.3340272e+00   5.2106385e-02  -2.1504656e-01  -3.2319535e-01  -2.1827547e+00  -4.6134485e-01   6.9716180e-01   1.7205862e+00
   2.0000000e+00   3.1029967e-03   1.3241419e+00   1.3166425e+00  -6.1961474e-01   1.5351901e+00  -3.6746381e-01   3.4746434e-01   1.3240537e+00  -1.2944757e-01   6.8255039e-01
   2.0000000e+00  -2.0237924e+00   1.0261852e-01   9.5700971e-01   1.0202431e+00  -1.2856824e+00   2.7622600e-03  -3.6882510e-01   6.1602690e-01  -1.5726489e+00  -9.3469740e-02
   2.0000000e+00   2.0053805e+00   2.3321450e+00  -1.1745333e-01  -2.0083020e+00  -1.5634913e-01   5.2189111e-01   1.0797650e+00  -1.5889724e+00   7.1843856e-01   7.6545907e-01
   1.0000000e+00   1.5782988e+00   8.3421088e-01   1.7767184e+00   4.3843941e-02   1.4137743e-02   3.2214987e-01   1.7213898e-01   4.3305327e-02   1.5035142e-01  -2.7303998e-01
   1.0000000e+00   1.2601486e+00   1.3029293e+00  -5.1897286e-03   5.5575579e-01  -1.2488347e+00   5.7446056e-01   2.4842355e-01  -4.2210505e-01   3.6769124e-02  -4.2458057e-01
   2.0000000e+00   2.9830648e-01  -4.6178296e-01   4.9527140e-01   6.4258188e-01   5.3921772e-01  -5.0270955e-01   9.6728684e-01  -1.7581739e+00  -2.7066961e-01   1.3518900e+00
   2.0000000e+00   7.2890450e-01  -1.4326987e+00   5.8264674e-01   6.9861162e-01  -1.4713292e+00   1.8070301e+00  -6.8332920e-01  -6.1341533e-01  -1.4547445e+00  -4.4015640e-01
   2.0000000e+00  -3.5624721e-01   1.0801202e+00  -3.9750102e-01  -1.2838561e-01   8.2230557e-01   1.0365470e+00   7.9314331e-02  -5.4398461e-01  -5.4439997e-01   6.9919996e-01
   2.0000000e+00   1.0075968e+00   6.1257485e-01  -1.7271914e+00   9.4882225e-01  -6.4827552e-01  -1.5515818e+00   3.7609116e-01   1.2875697e-01   2.5232561e+00   1.1895218e+00
   2.0000000e+00  -3.7319668e-01   7.1579690e-01   6.2772757e-01  -1.3036734e-02  -8.9608843e-01  -1.1251249e+00   7.6395288e-01  -2.2404863e-01  -6.9864381e-01  -1.1469688e+00
   2.0000000e+00  -1.5701552e+00  -8.2239379e-01  -7.1566495e-02  -1.9556013e+00  -8.3537669e-01  -1.9000107e+00   1.8938415e+00  -1.1816765e+00   1.9624999e+00  -5.1248876e-01
   2.0000000e+00   9.0656528e-01  -6.1129090e-01  -1.3200133e+00  -1.1133040e-01   5.2926811e-01  -4.3201031e-01   4.5545972e-01  -6.8324435e-02   8.6456042e-01   1.6591833e+00
   2.0000000e+00   1.6181120e+00   1.1018451e+00  -6.4053753e-01  -7.9024243e-01  -9.8137133e-02  -1.1421778e+00  -6.5571461e-01  -2.3059711e-01  -1.3001418e+00   2.5463687e-02
   2.0000000e+00   5.7202484e-01  -4.1040607e-01   3.5454974e-01  -9.4419762e-01   9.8968267e-01  -5.5164246e-01  -2.5480573e-01  -5.1065477e-02   7.0420221e-01  -1.7512771e-01
   2.0000000e+00  -2.6804510e+00   1.5445853e+00  -1.1947703e+00  -3.7563345e-01  -4.1978647e-01   1.8738291e+00  -7.3827528e-01   5.0375070e-01  -3.5010782e-01  -3.4731337e-01
   2.0000000e+00   9.4657148e-01  -7.8442514e-01  -7.9402692e-01  -7.7468641e-01   1.2104239e-01   4.9816508e-01   7.9990930e-01  -1.4037341e+00  -1.1089261e+00   5.1638285e-01
   2.0000000e+00   2.2936852e+00   1.9470861e+00   1.7520325e-01  -2.0083407e-01  -1.0306233e+00   8.3473720e-01   6.2834543e-02  -9.6839492e-01   7.7901820e-01  -1.2114368e+00
   2.0000000e+00  -2.0660378e+00  -1.7344495e+00   2.0443582e-01   1.3406539e+00   3.0701341e+00  -7.6482156e-01  -1.7591822e+00   1.3787533e+00   6.6382947e-01  -7.0134576e-01
   2.0000000e+00   1.5669703e+00  -2.4376759e+00  -6.8689045e-01   1.2184978e+00   1.3870599e+00   8.5719550e-01   5.2951553e-01   6.4566847e-01   7.9647101e-01   2.7300299e+00
   2.0000000e+00   1.0868555e+00   2.0973715e-01  -1.4470290e-01   1.5787653e+00   1.6215050e-01   1.1612032e+00   4.1170634e-01   2.5174330e-01   5.8194541e-01   1.2929575e+00
   2.0000000e+00  -9.7084065e-01   1.8232934e+00   6.1976607e-01  -6.4117253e-01  -5.2275393e-02  -6.7472861e-01   1.4173010e+00   1.1850644e-01  -2.8848380e-01  -1.9389971e-01
   1.0000000e+00  -6.1782372e-01   1.0276354e+00  -1.3500101e+00   2.7660801e-01   6.7980403e-01  -4.4633437e-01  -3.0752078e-02  -1.5761296e-01  -8.4509646e-01  -6.0281872e-01
   2.0000000e+00  -2.3224876e+00   1.1157839e+00   1.9821789e-01   1.9717560e+00   4.7182049e-01  -4.7215890e-01  -1.2430617e-01   9.3378961e-01   1.9834846e+00  -2.8204376e-01
   1.0000000e+00   2.4695758e+00  -2.2187346e-01   1.8886081e-01   5.7334127e-01  -6.3555249e-01   8.8209717e-01   4.9296465e-01  -7.0548900e-01  -1.3271914e+00   2.3169799e-01
   2.0000000e+00  -1.1551302e+00   1.9504184e-01  -6.0489079e-01  -1.0109652e+00  -1.9734128e+00  -8.6113024e-01   9.7853015e-01  -6.9058816e-01  -1.5200135e+00   1.9603714e-01
   2.0000000e+00   2.4970291e-02   2.9142896e-01  -3.6896165e-01   7.5149365e-01   6.9042218e-01   1.8044766e-01  -5.3399147e-01   2.2469157e-01   1.2309427e-01  -5.3688734e-01
   2.0000000e+00  -3.7166449e-01  -1.2352073e+00  -2.9097324e-01   9.5985480e-01  -7.8439628e-01  -2.4415715e-01  -1.6725473e+00   2.3791102e-01   1.2605736e+00  -4.3337843e-01
   2.0000000e+00   2.9064237e-01   1.6208118e+00  -2.7624546e-01  -3.6788623e-01   9.3909926e-01   2.0081614e+00   8.6088824e-01   2.8111015e-01   4.9144160e-01  -1.2269514e+00
   2.0000000e+00   7.1213670e-02  -3.7961765e-01  -6.0233011e-01  -7.2104045e-01   1.6049951e+00   1.9284230e-01  -1.5593788e+00  -5.4670473e-01   9.0159792e-02  -1.2642465e-01
   1.0000000e+00  -1.4054070e+00   4.6598716e-01   4.6292582e-01   3.6787674e-01  -9.6843505e-01   6.0666764e-01   1.3746298e-01  -8.4967848e-01  -9.8428257e-01   1.3075165e+00
   2.0000000e+00  -7.8454414e-03  -3.4795148e-01   6.8093979e-01   7.5364668e-01   1.0073726e+00  -1.3226568e+00   6.3151673e-01   7.0634449e-01   4.3382183e-01  -7.0927009e-01
   1.0000000e+00   7.0175672e-04   1.8561039e+00  -8.1655093e-01   4.5944842e-01   5.2023636e-01   1.0807706e+00   1.2424048e-01   9.4378996e-01   5.1211599e-01  -2.3740677e-01
   2.0000000e+00  -3.7845745e-01   1.5290742e+00   6.5560925e-01  -1.5885937e+00   8.5007496e-01  -7.8452179e-01   1.0713484e+00   7.0262756e-01   7.2095187e-01  -8.3305257e-01
   2.0000000e+00   2.9487241e-01   7.1952210e-01  -1.5792720e+00  -2.7548561e-01   5.9421204e-01   1.4180344e-01  -2.3853101e-01   9.8975185e-01   1.3200462e+00   7.1266905e-01
   2.0000000e+00  -7.4310949e-01  -3.9332135e-01  -2.4083720e-01  -1.3995137e+00   1.7870701e+00  -1.4498933e+00  -3.6307381e-01  -8.9278157e-01  -9.7951555e-01   1.4334909e-01
   2.0000000e+00  -1.2030758e+00  -1.2780573e+00   3.1943672e-01  -1.2659080e+00  -7.7730444e-02  -3.9221687e-01  -2.2946570e-01  -3.8711328e-01  -5.4368050e-01   1.0624294e+00
   2.0000000e+00  -3.4106511e-01   3.0136106e-01  -1.0689156e+00   7.5673488e-01   9.5964562e-01  -9.3017536e-01  -7.5363295e-01  -1.4923442e-01   1.0919332e-01  -1.3257741e+00
   2.0000000e+00  -6.5734765e-01   1.1337537e+00   9.6717671e-01  -1.6124153e-01   5.2675873e-01  -9.9157320e-01   1.0789059e+00   2.0273887e+00   9.2100325e-01   9.8818256e-01
   2.0000000e+00  -1.3001546e+00  -1.3507949e-01  -6.7169534e-01   1.0699119e-01  -2.2219612e+00  -2.4087980e-01  -1.3902045e-02   3.1993417e-01  -1.2293314e+00  -4.4550068e-01
   2.0000000e+00   7.1409743e-01  -1.4574926e+00  -1.3847200e+00  -6.1051675e-01  -1.1435091e+00   4.1630189e-02   4.1592466e-01   7.5798854e-01   8.2612373e-01   8.1515237e-01
   2.0000000e+00  -3.2848541e-01   2.0199768e+00   1.5095157e+00   1.0497547e+00  -9.8409682e-01   1.5212513e+00   3.5776414e-02   6.3262561e-01  -1.8178030e+00  -2.8889230e-01
   2.0000000e+00   4.9230204e-01  -1.2523919e+00   6.5053631e-01  -8.9276731e-01   1.1510128e+00  -1.3085720e+00   1.9684776e+00  -1.1460751e+00  -4.4550442e-01   1.1160154e+00
   2.0000000e+00  -3.4964028e-01   1.5937855e+00   8.9575645e-01  -1.8396027e+00   1.9146054e-01  -1.7596254e+00   7.7874164e-01  -1.1028427e+00  -4.7325367e-01  -1.2967042e-01
   1.0000000e+00   4.2026477e-01   7.6419400e-01   3.6164094e+00   4.0633482e-01  -1.8160940e+00  -1.1419707e+00  -1.0721683e-02  -9.6735535e-01   1.1762736e+00   6.0841853e-01
   2.0000000e+00   6.2852926e-01   2.5799723e-01  -1.5000596e+00   4.7824222e-01  -2.0773163e-01  -7.5297876e-01   1.8057294e+00   6.9416101e-02  -1.2014034e+00  -6.3596745e-01
   2.0000000e+00   5.5890748e-02   1.1460429e-01   6.4411283e-01  -3.6828481e-02  -3.1118383e-01   3.0003875e-02  -5.3612203e-03  -9.0803085e-01   5.8243735e-01   1.0850228e+00
   2.0000000e+00  -1.2281002e+00   4.0769690e-01   3.5028039e-02   2.2414826e+00  -1.6499939e-01  -4.8925207e-01   3.7718723e-01   3.0738395e-01   1.2001171e+00   2.7696255e-01
   1.0000000e+00  -3.0209035e-01  -4.1750602e-01   1.2814641e+00   2.2398928e-02   7.4217984e-01   3.3457764e+00  -2.7594267e-01   4.4968818e-01  -5.8945727e-01   6.6418445e-01
   2.0000000e+00  -1.0195204e+00   5.2607191e-01   1.3843296e+00  -4.1598835e-01  -1.0569617e+00  -6.7291476e-02   1.8389936e-01  -3.1616204e-01   1.2177210e+00  -1.2217335e+00
   2.0000000e+00   4.8645437e-01   5.4338401e-01   1.2558922e+00   1.3037991e-01  -3.4503662e-01   4.2740302e-01  -9.5535405e-01   6.6609808e-01   1.8543217e+00  -2.5013692e-01
   2.0000000e+00  -4.1463835e-01   9.1584541e-01   3.7679423e-01  -4.5147537e-01   1.5949836e+00  -5.7377467e-01   1.3799962e+00  -2.2712304e-01  -9.2614363e-02   1.3911031e-01
   2.0000000e+00  -7.2369466e-01  -1.0719403e+00  -1.1777127e+00   1.1530574e+00  -2.2991617e-01   4.5740574e-01   9.2275476e-01   5.8957646e-01  -1.8272421e-01   9.1816957e-02
   2.0000000e+00   5.8739498e-01   2.3781240e-01  -8.0426621e-01  -1.4902612e+00   2.2201816e+00  -1.8400394e-01   8.2115515e-01  -1.6859404e+00  -1.9813330e+00   2.1401748e+00
   2.0000000e+00   9.2307548e-01  -1.3154076e-01   3.8178685e-01  -1.1135031e+00  -4.4392198e-01  -1.7995866e+00   6.8516777e-01   5.4076816e-01  -3.2767652e-01   1.9174802e-01
   2.0000000e+00  -1.1650764e+00   1.9211078e+00   1.0251041e+00  -7.7799609e-02   7.1220536e-01  -6.5611025e-01   6.3310473e-01   1.1129815e+00  -6.0149860e-01   3.7742902e-03
   2.0000000e+00  -2.1065960e-02  -1.7642404e+00   1.7924092e+00  -6.1573566e-01   2.7820667e-01   2.2252367e+00   5.4126964e-01  -1.1294500e+00   1.2646617e+00  -1.0003736e+00
   2.0000000e+00   5.3023643e-01   6.5668694e-01  -2.1063355e+00  -2.1439899e-01  -7.7244107e-01   3.1708665e-01  -6.4174163e-01   2.4467606e-02  -5.4217168e-01  -3.5686438e-01
   2.0000000e+00  -7.7212399e-02  -5.7446154e-01  -1.1467004e+00  -7.9231382e-03  -8.2866765e-01   1.2406160e+00  -8.6293179e-01  -1.8635966e-01  -1.2775349e+00   1.2503290e+00
   2.0000000e+00   1.8555883e+00  -1.0528991e+00  -1.1028436e-01   1.3480671e+00   1.2200625e+00   5.8912515e-01  -2.2420605e+00  -6.1642832e-01   1.4088774e+00   5.6984715e-02
   2.0000000e+00  -2.6834878e-01   1.3115221e+00   1.4128757e+00   7.1945718e-01  -9.1933349e-01  -1.3675598e+00   5.9811227e-01   3.7238695e-01  -3.3438792e-01   2.7256368e-01
   2.0000000e+00   6.0204574e-01   9.4984439e-01  -1.0328848e+00  -1.2292862e+00  -3.1750292e-01   1.1453732e+00  -1.7527820e-01  -9.6034531e-01   1.0595990e-01   3.6888095e-01
   2.0000000e+00  -1.2107781e+00   8.8183895e-01   8.1406467e-01  -1.0128561e+00  -1.2282479e+00   7.1398106e-01  -4.6405637e-01   1.6134358e-02   1.6847477e+00   4.7733740e-01
   2.0000000e+00  -6.9780888e-01   2.2028911e+00  -1.2900056e-01  -3.5275489e-01   8.6570241e-01  -1.4192530e+00   5.7873072e-01  -2.3136425e+00  -1.3121690e+00   2.1934384e+00
   2.0000000e+00   4.3940955e-01   6.7961215e-01   1.8231052e+00   2.0694717e+00   1.1460731e+00  -8.8441940e-01   3.3245626e+00   8.2189451e-01  -5.4400843e-01   9.9033149e-01
   2.0000000e+00   6.5613272e-01  -1.2070610e+00   5.1973615e-01  -7.4873212e-01  -9.6790164e-01  -6.5600883e-01  -1.7004145e+00   1.5042718e+00  -9.4715009e-01   3.5239656e-01
   2.0000000e+00   2.9432469e-01  -2.2223464e-02  -3.3389792e-01  -5.0601720e-01   2.3027976e+00  -1.1894515e+00  -1.8166678e+00  -1.3362524e+00   1.1126369e+00   3.7312762e-01
   2.0000000e+00   2.1717546e+00  -1.0232411e+00  -1.8136910e-01  -4.8738976e-01  -2.8362034e-01   6.3396919e-03  -6.6310924e-01   2.7360268e+00  -1.8290741e+00   3.4016340e-01
   2.0000000e+00  -5.0577370e-01   3.3119101e-01   9.2642683e-01  -2.1723759e-01  -2.2528300e-01   9.8772948e-01  -2.8860423e-01  -4.7775693e-01  -2.5434424e-02   6.2637182e-01
   2.0000000e+00  -5.6542862e-01  -9.1221274e-02   9.3496108e-01  -2.4041660e+00   1.0642810e+00   7.2154099e-01  -1.4053101e+00   5.3398125e-01   4.3133366e-01   8.9594336e-01
   2.0000000e+00   1.0336394e+00   5.5422162e-01   2.7891505e-01   7.8380902e-01  -1.6829015e+00  -1.9677279e+00  -1.9802004e+00   2.7491169e-02   4.2881157e-01   4.3039079e-01
   2.0000000e+00  -8.2094255e-01   7.8655557e-01   1.7741195e+00  -1.0775582e+00   2.2752068e-01  -4.8071993e-01  -1.5224467e+00   7.9372891e-01  -4.6341091e-01  -7.8846346e-01
   2.0000000e+00   2.2165273e+00   1.6210649e+00  -5.9735923e-01   1.0650740e+00   6.8203811e-01  -1.8884945e+00   1.1687022e+00  -9.5393478e-01  -6.7318661e-01   1.8216654e+00
   2.0000000e+00  -5.5826987e-01  -5.5081724e-01   1.9879068e+00   1.1710306e+00   2.1854325e-01   1.8426889e+00  -1.1928280e+00   1.2368765e+00   3.5627065e-03   8.9541112e-01
   2.0000000e+00  -3.0570681e-01   6.7090329e-01  -8.5674312e-01  -1.8430977e+00   3.8357023e-01  -5.1748854e-01  -7.3221184e-01   1.1025565e+00  -1.0933712e+00   2.3449918e-01
   2.0000000e+00   1.1288029e+00  -1.1207057e+00  -4.2915562e-01   1.2688243e+00   7.4583961e-01   5.4650408e-01  -1.3259442e+00  -1.1422949e+00  -3.7802841e-01  -1.7383670e+00
   2.0000000e+00  -7.8402968e-01   1.0521282e+00   1.5534568e+00  -1.1400995e+00  -2.3014708e-01   2.9321570e-01   1.2758872e+00   6.5077899e-01   2.5040649e-01   4.9788496e-01
   2.0000000e+00   9.3711976e-01   9.7084811e-01   1.4247479e-02  -1.3281544e+00   2.6135743e-02   9.9017129e-01  -1.0721100e+00   4.1207196e-01  -3.3585306e+00   3.4091863e-01
   2.0000000e+00   7.9211396e-01  -7.5626411e-01  -5.2130629e-01  -3.8033766e-01  -1.2857430e+00   7.2238059e-01  -4.7007181e-01  -4.7854937e-01   8.8969121e-01   5.0983160e-01
   2.0000000e+00  -1.0745490e+00   2.8105103e-03   1.8764302e-01  -9.5601576e-01   2.2494922e-01  -9.7880543e-01  -2.3113333e+00  -2.5135010e+00   5.0212033e-01  -1.6627345e+00
   2.0000000e+00   8.3400972e-01   1.8937004e+00  -7.0656616e-01  -1.7924781e+00   2.9334503e-01  -6.9068965e-02   4.0631714e-01   4.7271003e-01  -3.6851013e-01  -4.3794712e-01
   1.0000000e+00   3.4176177e-01  -1.4400262e+00   1.1105056e+00   5.8581718e-01   9.5248197e-01   1.6425701e-01  -4.9517890e-01   9.6407215e-01  -2.3719512e+00   6.2697148e-01
   1.0000000e+00  -5.5586670e-01   3.1594708e-01  -1.0434740e+00   7.3559596e-01   7.3404568e-01  -1.8105697e+00  -3.8148137e-02   1.3179467e+00  -3.4424560e-01   6.9126012e-01
   2.0000000e+00  -6.3066078e-01  -9.9394044e-01  -1.1835045e+00   4.0922150e-01  -8.6750298e-01   1.5516489e+00   2.8562884e+00   7.2123031e-02  -2.0493731e+00   1.5897284e+00
   2.0000000e+00   1.9032737e-02  -8.6652317e-01   9.8888768e-02  -4.6835329e-01   5.1729392e-01  -6.9536166e-01  -9.6020923e-01   5.7773443e-01  -1.1183280e+00  -1.1043325e-01
   2.0000000e+00   2.4337165e-01   8.5989184e-01   4.0900422e-01   8.2915205e-01   1.2302092e+00   6.8764643e-01   1.6562524e+00  -1.0469244e+00  -2.7508626e-01  -6.7845598e-01
   1.0000000e+00  -8.2652486e-01   5.3382925e-01  -5.1642002e-02   3.7824190e-01  -9.2149521e-01   9.7505671e-01  -1.1294281e-01  -4.7872031e-01   1.5242521e+00  -1.6395423e-02
   2.0000000e+00   3.1594139e-01   1.0353461e+00   2.8245808e-01  -7.2411414e-01   9.2711338e-01   1.3220745e-01   1.6753317e+00  -9.6078981e-01   1.7325560e-01  -1.3878347e+00
   2.0000000e+00  -1.2316897e-01   1.3965830e+00  -5.2090506e-01   6.1259098e-01   1.7026592e+00   2.4197185e-01  -7.4977403e-01   1.3993035e+00  -2.8039864e-01   5.8663876e-01
   2.0000000e+00  -8.3945438e-01  -1.2827726e+00   1.9431367e-01  -9.2414317e-01  -3.8137423e-01   1.4232681e+00   2.3986126e+00  -1.3678777e+00   4.6334630e-03  -7.2909788e-01
   2.0000000e+00  -1.0177256e+00  -7.9140452e-01  -6.9474614e-01  -1.3263741e+00   5.1555474e-01   1.2617085e+00  -1.5278135e+00   2.2884062e+00  -4.8463900e-01   5.5629192e-01
   2.0000000e+00  -5.6336745e-01  -9.6514480e-01   2.4063410e+00   4.5959769e-02   1.4993017e-01  -8.6191901e-01   1.1172591e+00   1.6374859e+00  -1.2372042e+00  -7.6397307e-01
   1.0000000e+00  -8.0494102e-01   1.6389615e-01  -2.4487899e-01   2.8606804e-01  -4.8343090e-01  -9.4707954e-01   7.3160831e-01   6.6220546e-01   3.9994236e-02  -2.8840886e-01
   2.0000000e+00   1.0724840e+00   1.5017139e+00  -7.8266680e-01  -1.2854907e+00  -3.1854005e-01   2.6216797e+00  -4.8388273e-01  -1.1418316e-01  -3.1753258e-01   6.7433474e-01
   2.0000000e+00  -1.1366360e+00   1.2084654e-01   2.8322666e-01   1.6716749e+00  -6.2249149e-01  -6.1917710e-01   5.0932413e-01  -7.4808735e-01   3.3601973e-01   2.5938775e-01
   2.0000000e+00   1.3320420e-01  -3.5775802e-01   6.1677416e-01  -3.7283005e-01  -1.4226449e+00  -1.0645547e+00   2.0918569e+00  -1.7016602e+00  -3.4845823e-01  -1.4513076e-02
   1.0000000e+00   5.2055096e-01   1.3933393e-01   9.9329079e-01   8.3543775e-01  -8.9002156e-01  -4.8718058e-01   1.9048830e-02  -5.3910754e-02  -1.2501469e+00   2.8215008e-01
   2.0000000e+00  -9.6886459e-01  -1.3499350e+00   5.1216634e-01  -9.0243428e-02  -1.5849583e+00  -1.1458568e-01   1.1504021e+00  -2.4563858e+00  -1.9339976e+00  -1.2487075e+00
   2.0000000e+00   3.6870872e-01  -7.9596151e-01   2.1633146e+00  -2.0461525e+00   4.8619559e-01   3.0071034e-01   8.0731699e-01   2.2604751e+00  -1.2388309e+00  -1.1566966e+00
   2.0000000e+00  -4.8309835e-01   6.2275059e-02  -3.0693065e-01  -1.7592949e+00   1.4564440e+00  -4.0885229e-01  -1.2674206e+00  -1.3589676e+00   2.7541617e-02  -4.0243450e-01
   2.0000000e+00  -8.8298741e-01  -1.0987899e+00   1.9832199e+00   1.1181529e+00  -3.7508491e-01   1.1372898e-01  -1.0853457e+00  -2.6240457e-01  -1.2939626e+00   5.0844902e-02
   2.0000000e+00  -1.4606687e+00  -1.2337985e+00   1.3453231e+00  -1.0105848e+00  -6.8509832e-01  -9.4600112e-02   5.1608826e-01   7.2123199e-01  -1.8829338e-01  -5.7217605e-01
   2.0000000e+00  -9.4961020e-01   2.2102839e+00   7.9070460e-01   2.3606256e+00   3.8269484e-01   7.8294941e-01  -1.3207843e+00  -4.8383047e-01   1.6546951e+00  -1.3275051e+00
   2.0000000e+00   1.7155365e+00   6.3833981e-01  -8.4541080e-01  -2.2110869e-03   2.9594566e-01   1.8999261e+00  -5.8194455e-01   8.1369899e-01   1.0532563e+00   8.3860448e-01
   2.0000000e+00  -1.5709995e+00  -9.4007830e-01  -4.7165086e-01   9.6711392e-01  -9.0829025e-01  -1.0087659e+00  -4.6225392e-03   1.6401344e+00   1.4598676e+00  -1.3144955e+00
   2.0000000e+00  -6.5308398e-01  -9.3254417e-01   3.7252751e-02  -3.6086995e-01  -2.5822478e-01   8.5105195e-02  -1.1475646e+00   1.0953146e+00   1.5754389e+00  -8.5489976e-01
   2.0000000e+00  -1.1548580e+00  -3.9192912e-01   9.2092322e-01  -7.6145771e-01   7.9494952e-01   8.0353266e-01   1.1322333e+00   1.0344160e+00  -1.2453728e+00  -4.8081883e-01
   2.0000000e+00   7.6134459e-01  -8.4439947e-01   1.8489457e-01   1.1160827e+00   8.5806270e-01   3.9825091e-01   2.6330634e-01   1.0228495e-01  -9.1598676e-01   8.6695957e-01
   2.0000000e+00  -9.1806538e-01  -1.1767709e+00   4.7189684e-01  -8.4571346e-01   5.1184171e-01   4.1012364e-01  -5.6012550e-01   1.3035729e+00   1.0719083e+00  -1.6606248e+00
   2.0000000e+00  -4.4368856e-01   1.6517358e+00  -3.7780819e-01  -1.8840581e+00  -5.9002029e-01   8.5515094e-01   4.3804398e-02   1.0177764e+00  -2.2057952e+00  -1.4853159e+00
   2.0000000e+00   7.2268559e-01   6.4784070e-01   2.5968139e-01  -1.5955413e+00  -1.0950956e+00   4.6469110e-01  -5.2446774e-01   1.6685685e-01   5.5122232e-01  -1.2324700e+00
   2.0000000e+00   9.3121144e-01   1.4793003e-01  -8.8446067e-01   9.2995699e-01   9.3001248e-02  -1.0362658e+00   8.3451483e-02  -4.6187276e-01   8.4034756e-01  -4.1175517e-01
   2.0000000e+00  -1.0928332e+00   2.3136265e-01  -3.5668804e-01  -3.7315566e-01   4.9106202e-01  -1.4775714e+00   1.7259051e+00   3.2225809e-01  -5.2175810e-01   8.6154316e-01
   2.0000000e+00  -1.9175025e-01  -9.7668377e-01   1.2982056e+00   4.9371809e-01  -4.2650754e-01  -2.2577315e-01  -2.1676559e+00  -5.6388634e-01  -4.7939846e-01  -1.9812361e+00
   2.0000000e+00   3.7828074e-01  -6.6447614e-01   4.7183499e-01   4.6815341e-01   1.2255148e+00   1.5304917e+00  -1.7932307e+00  -8.2175024e-01  -1.2974116e+00   8.3590584e-01
   2.0000000e+00  -1.0759787e-02   1.5226652e-01  -1.8581992e+00  -8.9865002e-01   7.7020522e-01  -4.7036513e-01  -1.6876346e-01   1.6061518e+00   4.0497153e-01  -6.9016042e-01
   1.0000000e+00   1.8688157e+00  -8.9433712e-01   5.7564679e-01   1.0666675e-01  -1.3126028e-01   4.9863878e-02   6.2791125e-01  -4.3178194e-01  -8.3398825e-01   3.4200163e-01
   1.0000000e+00   1.2949506e+00   1.0656613e+00  -5.7892587e-01   7.6491298e-01   4.7107432e-01  -5.0318944e-01  -1.4141522e-01  -1.1033568e+00   9.4471316e-01  -1.7712020e+00
   2.0000000e+00   1.3331221e+00  -1.4258049e+00  -1.3886466e-01  -1.2684001e-01   3.6423999e-01  -1.4636239e+00   5.4075374e-01  -4.7055605e-01  -7.9494704e-01  -8.1783824e-01
   1.0000000e+00  -2.0540125e+00   6.6344142e-01   1.3390113e+00   2.1704415e-01  -9.3297269e-01   1.1441961e+00  -1.7855163e-01  -5.3199745e-01  -8.1767431e-02   4.5393888e-03
   2.0000000e+00  -3.5165841e-01  -5.8465912e-01   1.1745415e+00  -1.1380526e-01  -1.0616227e+00   7.9786620e-01  -1.0942067e+00  -1.4197448e+00   1.4865239e+00  -5.4485236e-01
   2.0000000e+00  -2.3958955e-01   1.2614025e+00  -1.1049302e+00   9.1511993e-01   1.4168210e+00  -9.4385718e-02  -1.7766376e-01  -1.5743720e+00  -2.5612452e-02   1.4763563e+00
   2.0000000e+00  -1.0866988e+00   4.8023791e-01   1.2070055e+00  -1.0580345e+00   3.3323294e-01  -5.7690354e-01   9.4720465e-01   1.3335775e+00   1.0911906e-02  -2.6538937e+00
   2.0000000e+00  -7.9035170e-01  -7.6340476e-01  -2.5106756e+00   9.8146306e-01   7.5183695e-02   9.9462458e-01   7.4891039e-01  -3.1540902e-01   5.3133845e-01   4.0792846e-01
   2.0000000e+00   7.2551944e-01  -1.0953648e-01   2.5142409e-01  -1.0032209e+00  -3.1758867e-01  -1.3520273e+00   2.2312615e-01   1.5666683e+00  -1.5259197e+00  -5.0230192e-01
   2.0000000e+00  -1.3971245e+00   1.0989325e-01   5.7606661e-01  -7.2008977e-01  -1.1052888e+00  -3.2561117e-01  -8.3845429e-01  -1.5820239e-01   1.0195827e+00   5.6955206e-01
   1.0000000e+00   1.1704359e+00   8.3098606e-01  -1.4842990e+00   5.9568848e-02   5.2155592e-01   5.6774636e-01   3.2760227e-01   6.4202373e-02   1.6740142e+00   7.4488088e-01
   2.0000000e+00   1.6633203e+00  -7.0696971e-01   1.7735439e+00  -8.1615976e-01  -2.7234462e-01  -7.5987337e-01  -1.8501612e-01  -1.4645758e+00   9.3547215e-01  -1.3497211e+00
   1.0000000e+00   1.3202127e-02   6.1464082e-01   4.9327696e-01   4.4695838e-01  -9.3960746e-01  -1.1394669e-01  -7.1150025e-01  -1.5269331e-01   5.6007153e-01  -4.4760717e-01
   2.0000000e+00   1.7979413e+00  -3.4532845e-01  -1.4155152e+00   8.0308677e-01   1.8752190e+00   9.9106317e-01  -6.1533513e-01   1.3587071e+00   5.0271941e-01  -3.8927556e-01
   2.0000000e+00   1.6069783e+00   7.3935148e-01  -1.4604311e+00   1.5669720e+00   2.7583430e-01   1.1262171e+00   2.1833842e+00  -1.5775074e+00   2.2836467e+00   5.4530746e-01
   2.0000000e+00   7.8798392e-02   9.5700439e-01  -3.0475170e-01   1.0528471e+00   3.4872232e-01   4.9943205e-01   1.2949648e+00   1.2382162e-01   1.4717461e+00  -1.0030253e+00
   2.0000000e+00  -4.0012837e-01   1.9142641e+00   1.9078279e+00   7.5406404e-01  -8.7535113e-01  -2.3238918e-01   6.1884452e-01   1.4250425e+00  -8.5680481e-01   1.7867002e+00
   2.0000000e+00   8.5210823e-01  -8.8170192e-01   2.7328268e-02   5.7808590e-01   5.9516337e-01   1.6426632e-01   1.2965513e+00   2.6294593e-01   8.4061013e-01   1.5299601e-02
   1.0000000e+00  -6.6443206e-01  -6.0478774e-01  -9.4912163e-01   3.8242424e-01  -1.2849900e-01  -8.8532200e-01   2.4402491e-01   9.8192362e-01   1.0335166e+00   2.9478747e-01
   2.0000000e+00  -1.7632483e-01   1.9609576e+00  -1.0948807e+00   1.4991648e-01   3.3499533e-01   1.9615609e+00  -1.2057292e+00  -2.1586549e+00  -6.6074758e-02   9.6814225e-02
   2.0000000e+00   1.2006009e+00  -7.4498547e-01  -9.9855689e-01   7.8065238e-01   5.7610435e-01  -2.0901121e-01  -8.4491330e-01   4.3608209e-01   2.1731530e+00  -2.3262332e-01
   2.0000000e+00  -1.0105626e+00  -1.1927284e-04  -7.9485389e-01  -5.6129438e-01   1.4613683e+00  -4.4759278e-01  -2.1693439e+00  -4.6657800e-01   7.2552768e-02  -4.1274587e-01
   1.0000000e+00  -6.9743861e-01  -2.1441760e-01   8.9220195e-01   1.1602748e-01  -1.1083407e+00   6.9877220e-01  -3.3267409e-01   1.0200665e+00   9.1317469e-01  -7.2705851e-01
   2.0000000e+00   8.7780327e-01   1.1047146e+00   5.1172793e-01   2.0312930e+00  -1.0485067e+00  -1.4892293e-01   6.9550202e-01  -1.9332907e-01   4.9946173e-01  -6.7022325e-01
   2.0000000e+00  -1.8379221e+00   4.8272241e-01  -9.0805420e-01   6.7043065e-01   9.8248183e-01   7.3032555e-01  -6.2952608e-01  -4.3313801e-01   1.9818131e+00   1.7286698e-01
   1.0000000e+00   9.3070404e-01  -2.5032882e+00  -5.3943741e-01   3.4290241e-01   5.8008739e-01  -5.4036154e-01  -5.2582347e-01  -6.6712210e-01   7.7866313e-01   1.1007231e+00
   1.0000000e+00  -9.5282041e-02   1.2925355e+00   4.1444332e-01   1.8337700e-01  -4.4029172e-01   1.2839947e+00   3.2334118e-01  -1.4829774e+00   4.6157445e-01  -1.9285540e+00
   2.0000000e+00  -1.4789367e-01  -1.4403924e+00  -1.4794836e-01   1.7927546e+00  -2.8996284e-01   6.0799899e-01  -5.7070153e-01  -1.6937202e+00  -5.6337856e-01  -1.2866881e-01
   2.0000000e+00  -1.5387839e-01   1.3460882e-01  -1.3227890e+00  -2.4112670e+00   6.5649690e-01   1.8425970e-01  -1.3040306e+00  -2.6681945e-01   1.7011437e+00  -2.3637842e-01
   1.0000000e+00  -3.8772107e-01   3.3322004e-01  -2.7506300e-01   1.2002311e-01  -1.3605380e-01  -3.6602798e-01  -7.1778326e-01   2.2399027e+00  -1.1842510e+00  -1.2943711e+00
   2.0000000e+00  -5.5686558e-02   4.9542281e-01  -2.0941001e-01  -4.9150965e-01   1.6565750e+00  -2.1035559e+00   4.7376504e-01   3.8737290e-01  -2.4608227e-01  -1.2295513e+00
   2.0000000e+00  -4.6262499e-01   1.4559933e+00  -1.0630713e-02  -9.7208887e-01   6.6150453e-01  -1.3149213e+00  -1.0252674e+00  -3.5525241e-01   8.8546236e-01  -8.1629130e-02
   2.0000000e+00  -7.8875180e-01  -1.7298236e+00   1.1118222e+00  -1.4132405e+00  -1.7654525e+00   4.9722285e-01   4.4023603e-01  -3.5311257e-01   6.3166755e-01  -2.9083533e-01
   2.0000000e+00   1.0095607e+00   5.9963542e-01   2.2832540e+00  -1.8089924e-01  -2.1967887e-01  -8.4284764e-01   3.1218889e-01  -4.2110649e-02   3.8289890e-02  -3.8293035e-01
   2.0000000e+00  -3.3460345e-03   6.8728018e-01   8.0108331e-01  -1.9901791e-01  -2.9922763e-01  -2.2187045e+00   1.0438804e+00   4.0522635e-01   1.8879765e+00   4.5960340e-01
   2.0000000e+00   4.5698705e-01   1.7252846e+00   7.3416918e-01  -4.4437899e-01   1.0791492e+00   6.2214843e-01   9.3926971e-02  -1.9559564e+00  -1.4810757e+00   2.7617838e-01
   2.0000000e+00   5.6502990e-01  -5.3059890e-01   1.0631646e+00   3.8342130e-01   9.3381815e-02  -4.9212300e-01   9.9192655e-01  -2.2507765e-01   1.0352625e+00  -2.1631701e-01
   2.0000000e+00  -1.7297436e-01  -8.6045567e-01  -1.4155196e+00  -5.1995957e-01  -1.3996185e+00   1.0785989e+00  -5.3858517e-01   1.4517845e+00   2.7232871e-01  -6.5007848e-01
   2.0000000e+00  -3.5888755e-01  -6.4177657e-01   8.7340029e-01  -7.8026194e-02  -1.6286587e-01   8.4617991e-01   9.9385513e-01  -7.8058292e-02  -5.5875146e-01  -8.3750171e-01
   2.0000000e+00   4.3097929e-01  -3.4472139e-01  -2.5084561e-01   9.5230302e-01   1.5527997e+00  -1.9034042e-01   3.8567656e-01  -1.3525181e+00  -1.2697707e+00  -1.5839860e-01
   2.0000000e+00  -3.0319330e-01   1.0742324e+00   1.6168909e-01  -1.1496637e+00  -1.6844192e-01  -6.0378079e-01  -1.6302815e+00   1.6184230e-01   2.0668677e+00  -3.9442571e-01
   2.0000000e+00   5.1861513e-01  -1.1197133e-01  -1.5563021e+00   4.0345042e-01  -9.1081616e-01  -8.5340638e-01   1.1144277e+00   1.6599923e+00  -6.8850040e-01  -4.1813697e-01
   2.0000000e+00  -1.0892440e+00  -4.9785661e-01   1.6307007e+00  -4.4782936e-01   3.3870135e-01   1.0054205e+00  -1.3717861e-01  -1.3006921e+00  -9.3418241e-01  -2.9176875e-01
   2.0000000e+00   2.9043040e-02  -4.8484995e-02  -3.7994292e-02  -2.2582608e-01   1.6569478e+00   1.2859311e-01  -1.0416539e+00   2.3153336e-01   1.1745526e-01  -9.4901792e-01
   1.0000000e+00   1.1931500e-01  -7.3321359e-01  -3.8589007e-01   4.7128263e-01   3.0381521e-01   1.2366328e+00   6.1234422e-01   3.5010861e-01  -2.7105115e-01  -8.0811120e-01
   1.0000000e+00   1.3794321e+00  -6.8476326e-02   6.1423724e-02   3.0572071e-01  -1.2369541e+00   4.9984741e-01   4.5903806e-01   5.2880685e-01   1.0090267e-01  -8.9141554e-01
   1.0000000e+00   1.7480910e+00   9.2380954e-01   1.1083024e+00   3.1109469e-01   9.7766475e-01   1.2985739e+00   3.3053647e-01   1.3287650e+00   9.8546442e-01   6.9349635e-02
   2.0000000e+00  -2.2653177e-01  -7.3582413e-01   7.7901166e-01   5.4834914e-01   2.0950862e+00   5.4905065e-01  -4.8484113e-01  -1.2808388e+00  -7.0893371e-01   1.1525413e+00
   1.0000000e+00  -6.7196648e-01  -9.5971774e-01   1.1816279e+00   5.2344424e-01   8.1018100e-01   7.0311176e-01   6.6081913e-01  -1.3496994e+00  -2.0261592e+00   1.6707382e+00
   2.0000000e+00  -1.0453708e+00   6.9166252e-01   1.1848528e+00   9.3419554e-01   1.0710575e+00   9.9250225e-01  -1.3376495e+00   9.3882308e-02  -3.7365240e-01   5.7214393e-01
   2.0000000e+00  -5.7518122e-01  -3.4470533e-01   1.9159658e-01  -2.9640136e-01  -5.6736595e-01  -2.8490252e+00  -6.2934589e-01  -3.2752444e-01   3.9927636e-01  -1.8337787e+00
   2.0000000e+00   2.5773655e-03   3.2581978e-01  -1.6721708e-01   6.4377417e-01  -5.8543315e-01  -4.3874370e-01   1.7587001e+00   9.0082893e-02  -9.8198153e-01  -1.2270378e+00
   2.0000000e+00  -1.2464421e+00   1.4444052e+00   9.0110683e-01   1.6832239e+00  -9.3344479e-01  -3.6544718e-01  -3.6838476e-01   5.1525280e-01  -1.4104202e+00   3.2632586e-01
   2.0000000e+00  -4.7712720e-01   2.8356436e-01  -3.2478858e-01  -7.4331080e-01  -5.1536445e-01  -1.1954621e+00   1.2653759e+00  -3.6639684e-01   5.8946063e-02  -6.6969248e-01
   1.0000000e+00   5.5123263e-01  -1.5529285e+00  -3.3414933e-01   1.4478937e-01  -6.4590224e-01  -9.0175647e-02   3.0339295e-01   1.7445566e+00  -3.1990927e-01   6.9300703e-01
   1.0000000e+00   1.4248927e+00  -1.9926202e+00   7.1733613e-01   4.3899570e-01   8.3385064e-01  -6.3746099e-01  -5.5187880e-01   5.2274473e-01   5.7173845e-01   2.3900743e-01
   2.0000000e+00   9.8193001e-01  -1.0557726e+00   6.3293418e-01   1.8876580e+00  -1.1213341e-01   1.2642327e+00  -3.1489718e-01   1.4735822e+00   2.0372956e-01   8.1611890e-01
   2.0000000e+00  -6.3486560e-01   2.2185715e-01   3.7253892e-01  -1.2431718e+00   1.0975736e+00  -4.9137908e-01  -2.6858214e-02   2.0271094e-01   7.1373535e-01   1.9974213e-01
   2.0000000e+00  -1.9991015e+00  -8.4276575e-01  -2.6656346e-01   1.3602202e+00   3.1430864e-01  -1.7178453e+00  -5.0599201e-01  -1.9060467e+00   2.8263713e-01   1.3641323e+00
   2.0000000e+00  -3.9828727e-01  -1.0111192e+00  -7.4056820e-01   1.9666888e-01  -4.9477583e-03   1.6753375e+00   1.4757323e+00  -1.1992970e-01  -1.8519333e+00  -1.0399691e+00
   2.0000000e+00   3.4928796e-01  -1.9022427e-03  -1.7364189e-01  -6.7340904e-01  -1.6127354e+00  -3.2030364e-01  -8.9475407e-01  -4.9494233e-02  -1.8964701e-01   1.2635846e+00
   2.0000000e+00   5.0117819e-02   1.5015554e-01   7.7703400e-01  -7.6692039e-01  -9.9808831e-01  -1.3481908e+00  -1.0724786e+00   1.7273363e+00  -6.9850252e-01  -3.4059902e-01
   2.0000000e+00  -6.0515519e-01   1.8638286e+00  -2.7316477e+00  -6.0356059e-01   9.1779680e-01  -1.4820524e+00   4.5129945e-01   1.2992612e-01   1.2429913e+00   1.4301263e+00
   2.0000000e+00  -5.6311676e-01   1.5570824e-01  -1.5507093e+00  -1.1773621e+00   2.1592541e-01  -1.5118973e-01   4.3237477e-01  -1.9679539e+00  -3.7352139e-01  -1.3009084e+00
   2.0000000e+00   4.4307085e-01  -3.0141795e-01   1.3175561e+00  -3.3101328e-01   1.9478489e-02   5.1123820e-01   1.2955870e+00   4.4033061e-01  -1.1726261e+00   6.8652855e-01
   2.0000000e+00   1.3849109e+00  -1.2148703e-01  -4.3864805e-01  -6.7291684e-01   2.9887618e-01  -1.3487407e+00  -2.6281960e+00  -6.0970589e-01  -7.4987967e-01  -9.1208815e-01
   2.0000000e+00   6.2673941e-01  -2.3038309e+00  -7.5902358e-01   1.5975629e+00  -9.5693125e-01  -1.1628462e-01  -1.7703568e-01  -7.5350591e-01  -4.6030665e-01  -1.2151854e+00
   2.0000000e+00  -2.1905377e+00  -2.3506122e-01   1.0283832e+00   1.1925089e+00   2.0913846e-03   3.2727805e-01   3.6132073e-01   8.0789715e-02  -2.5614748e-01  -5.9428879e-01
   2.0000000e+00  -8.4119341e-01  -7.4960820e-01  -1.5458153e+00   3.0317942e-04  -6.7917288e-01   1.9107604e+00  -9.2585485e-01   1.8381396e-01  -2.3798608e+00  -6.5660600e-01
   1.0000000e+00  -1.0779398e+00  -7.3753182e-02  -7.2450696e-01   2.0546499e-01  -7.2746355e-01  -5.2857925e-01  -5.7528526e-01   2.1121703e-01   6.2768930e-01  -3.7882489e-01
   1.0000000e+00  -9.0772775e-01   8.2725267e-01   2.2901300e-01   4.5473281e-01   6.5930304e-01  -5.7707218e-01   7.0532924e-01   1.5108345e-01   1.2590073e-01   7.2518619e-01
   2.0000000e+00   1.3858013e+00   2.8518826e-01  -5.2097945e-01   1.0638999e+00   1.0457200e+00  -9.6479649e-02   6.2664506e-01  -1.5274413e+00   1.2705935e+00  -1.8595436e-01
   1.0000000e+00   3.6294779e-01  -1.9975859e+00   3.8190379e-01   8.2264939e-01   7.4146844e-01   2.1730358e+00   2.8326338e-01  -2.0589196e-01   5.9471558e-02   8.1140944e-01
   2.0000000e+00   2.3949633e-02  -1.3580197e+00   4.6297541e-01  -2.6809659e+00   1.4250475e+00  -5.0576317e-01  -1.4823698e+00  -9.5865773e-01  -5.2390501e-01   1.0839734e+00
   2.0000000e+00  -1.1937427e-01  -2.8844398e+00  -5.4479204e-01  -1.3159326e+00  -3.9455347e-02  -6.9058314e-01   6.3455370e-01   9.0832099e-01  -1.5762354e+00  -5.3727452e-01
   2.0000000e+00  -1.8999550e+00  -5.3636781e-01  -2.1045509e+00  -5.2224207e-01  -7.8764569e-01   1.4593780e-01   2.3861814e-01   5.3261264e-01   1.9001522e+00   9.6787296e-01
   2.0000000e+00  -2.9456944e-01  -1.5506319e+00  -5.7107368e-01   8.8911166e-01  -4.5372555e-02   2.6415926e-01   1.6793614e+00  -1.8748258e-01   1.1766715e+00  -1.3389944e+00
   2.0000000e+00  -6.0990385e-01  -5.7854030e-01  -1.7502682e+00   1.0432704e+00  -6.5878968e-01   9.7159598e-01   7.0062954e-01   3.7900863e-01  -2.1843746e-01  -1.2185345e+00
   2.0000000e+00  -1.6350377e-01  -9.8450086e-01  -7.2491141e-01  -7.4624532e-01  -4.6538988e-01   1.3705641e-01  -1.3083908e+00   1.0281712e-01  -5.6561730e-01  -2.5423675e+00
   1.0000000e+00  -7.9619777e-01  -7.5116321e-01  -1.3203285e+00   3.3137952e-01   2.5956773e-01   1.1196162e+00   6.3707253e-01  -9.7905293e-01  -6.4525476e-01  -2.4208985e-01
   2.0000000e+00   6.6201241e-01   9.8006234e-01   1.0068560e-01  -2.9427593e-01  -2.1059958e-01  -4.6094003e-02  -9.1789720e-02  -1.8154806e-01  -1.1809011e-01   1.3102677e+00
   1.0000000e+00  -3.2678288e-01   1.5546250e+00   4.7421284e-01   3.6186462e-01   1.7071844e+00   6.5133088e-01  -5.6428737e-02  -2.0548722e-01  -2.5047908e+00   6.7557225e-01
   2.0000000e+00   2.5150082e-01   1.8402318e+00  -1.6979778e-01   1.2270561e+00  -8.2693591e-01   6.8002148e-01   4.1078527e-02  -1.2569326e-02   8.9934200e-01  -2.8007903e-02
   2.0000000e+00   5.7842179e-01   2.1278812e+00  -3.5402275e-02  -4.3062426e-01   4.5231001e-01  -8.7424157e-02  -2.5595705e-01  -4.0248796e-01  -1.2619224e+00  -4.1889821e-01
   2.0000000e+00   3.2744029e-02  -1.0420467e+00   7.3662108e-01   2.0394010e+00  -4.2743776e-01   1.5575551e+00  -4.1993168e-01   2.4259906e-01   1.6246725e+00   7.3815697e-01
   2.0000000e+00   3.0456988e-02  -3.1819018e-01  -6.2089127e-01  -5.2343423e-01  -5.8171187e-01   1.0404275e+00  -7.9954792e-01   1.0687398e+00   1.6526580e+00  -6.0851993e-01
   2.0000000e+00   9.1247618e-01   2.2742420e+00   1.1383490e+00  -4.7265138e-01  -3.1821854e-01  -5.9612596e-01  -1.7306662e+00   4.1178034e-01  -1.1730847e+00  -5.7719433e-01
   2.0000000e+00   9.2929135e-01   3.7574131e-01  -4.4364107e-01   7.5640792e-01   3.6506059e-01   1.0573997e+00   7.3852163e-01  -4.8324652e-01  -8.9806540e-01   1.6956247e+00
   2.0000000e+00  -1.2643745e+00  -2.0039551e+00   4.0854647e-01  -5.4310754e-01  -1.7396454e+00   8.3497435e-01  -1.9533232e+00   9.4647741e-01  -2.4911704e-01  -1.0587417e+00
   2.0000000e+00  -1.2718595e+00  -2.1115161e-02  -8.5152001e-02  -1.0922913e+00   8.8440800e-02  -1.0418851e+00   1.7532448e+00  -6.1972745e-01   9.7464898e-01   1.2045543e+00
   2.0000000e+00   1.3591144e+00  -8.3217988e-01  -6.1481087e-01  -5.3460262e-01  -6.6805161e-01   1.1967813e+00  -6.3531761e-01  -1.0152726e+00   2.9463216e-01  -5.7568617e-01
   2.0000000e+00  -2.7738089e-01   1.7160124e+00  -8.4772142e-02   1.1746381e+00  -5.2909188e-01  -1.4344602e+00  -2.1951786e-01  -1.8080157e+00   1.3732932e+00  -1.5934833e+00
   2.0000000e+00   1.6768611e-01   1.5378557e+00   4.6240005e-01  -1.0765941e-01   9.6517833e-01  -1.0577170e-01  -4.3676681e-01  -5.1341276e-01   2.9401938e-01   1.3979373e+00
   2.0000000e+00   2.3007677e-01   4.8906230e-01  -4.1329595e-01  -2.3521545e-01   1.6726042e+00  -5.3668116e-01   3.5698687e-01   4.1784887e-01  -7.2390311e-01   1.3883397e+00
   1.0000000e+00  -2.4293565e-01  -1.3191093e+00  -1.0815623e+00   5.9457137e-01  -1.6970609e+00  -5.4836339e-02  -1.9809937e-02   2.5461454e-01   4.5915607e-01  -2.7845532e+00
   2.0000000e+00   1.3118362e-01   1.0444952e+00   7.2386822e-02  -6.7120691e-01  -5.9698916e-01  -5.2365748e-01  -1.3995193e+00  -1.6550999e+00  -5.5944592e-02   1.5600947e+00
   2.0000000e+00  -3.9189375e-01   6.8249033e-01  -8.8046243e-02   1.5067098e+00   1.7123751e-01  -5.7994123e-01  -2.3239670e+00   8.6579445e-01   3.8635898e-01  -1.2594293e+00
   2.0000000e+00   1.0781362e+00  -6.4173570e-01  -5.1218874e-01  -8.4466072e-01   8.3580184e-02   9.0119734e-01  -2.3932932e-01   1.4550260e+00  -8.7761749e-01  -7.8506881e-01
   2.0000000e+00   5.7000207e-01  -6.8723955e-01  -8.5040287e-01   1.3429612e+00   6.3546056e-01   8.8226238e-02  -1.4346401e-01   2.1395889e-01  -1.2588538e+00  -8.1210732e-01
   2.0000000e+00  -7.5817787e-01   8.5627145e-01   1.6049879e-02   1.3709640e+00   1.1241439e-01   7.1137883e-01   1.4682468e+00  -1.1681953e+00  -1.7879660e+00   4.0937576e-01
   2.0000000e+00   6.6349148e-01  -1.2855333e+00   5.0157317e-01  -2.3913919e+00  -8.9433739e-01   7.7148528e-01  -4.2683115e-01  -9.5789177e-01   3.3763198e-01  -4.5347309e-01
   2.0000000e+00  -1.3117247e+00  -1.6108994e+00   2.8123014e+00  -6.0321691e-01   2.9186981e-01   1.2391501e+00   2.7359382e-01  -6.3070140e-01   4.5521878e-01  -1.0978749e+00
   1.0000000e+00  -1.1660394e+00  -1.2381515e+00   1.0903059e+00   9.9363094e-02  -1.2632375e+00  -5.6975944e-01   6.1713966e-01   1.3815775e+00  -1.6670895e-01   2.3169723e-01
   2.0000000e+00  -1.2017926e+00  -2.9306198e-01   2.1505689e+00   1.4391726e+00  -4.6463999e-01  -6.4886357e-01  -1.4190435e+00   1.9879903e+00   7.4212650e-01   2.4148908e-01
   1.0000000e+00  -2.0600567e-01   5.0060573e-01  -2.1391726e-01   3.9129175e-01   1.0887537e+00   3.4641530e-01   7.3584730e-01  -4.9383330e-01  -9.6129642e-01  -8.9708808e-01
   1.0000000e+00   4.9923938e-01  -2.0313045e+00   1.7856823e-01   1.3852805e-01  -4.5311685e-01   3.3223683e-01  -1.3890709e-01   1.0522839e+00  -2.0673272e+00   1.7932046e-01
   2.0000000e+00   9.2534295e-01  -3.5864395e-03   5.5959946e-01  -1.0787976e+00   1.0226159e+00   1.5548589e+00  -1.2093654e+00  -1.2787831e+00  -8.9639410e-01   1.0381194e+00
   1.0000000e+00  -5.7411304e-01  -1.2585682e+00  -8.1797020e-01   2.4324691e-01   7.3065729e-01   4.5187662e-01  -1.2343552e-01   6.0090726e-01  -1.0792188e+00   1.4792556e+00
   1.0000000e+00  -8.0523233e-01   5.7015010e-01  -1.2863746e+00   7.2318848e-01   2.3334570e-01   1.8811121e-01  -4.9213651e-01  -2.8529200e-01   4.1409809e-01  -1.1075293e+00
   2.0000000e+00   1.7446852e-01   2.1015384e-01  -1.3916275e+00   1.7631967e+00   7.3800664e-01   1.5191306e-01   2.2385666e+00  -1.3641764e+00   1.3644912e+00   6.0658277e-01
   2.0000000e+00   6.4015669e-01   2.1486317e-01  -1.2591850e+00  -5.4179191e-01   1.7348231e-01  -1.0077474e+00  -2.9715967e-01  -1.2285900e+00  -1.2609670e+00  -8.8208844e-02
   2.0000000e+00  -1.1384604e+00   9.3515020e-01  -4.9314287e-01  -5.6746637e-01   6.6796367e-01  -1.1831022e-01   6.7746390e-01   3.0331843e-01   3.4017069e-01  -3.2841468e-01
   2.0000000e+00  -4.1355247e-01   4.1551596e-02  -5.6248505e-01   6.4076531e-01   6.2437225e-01   6.7987596e-01   1.1691872e+00   5.2461063e-01  -1.5883558e+00   7.6291734e-01
   2.0000000e+00   8.1379495e-02  -1.0483567e+00   5.7537023e-01  -6.8818192e-01  -1.3359131e+00   4.9500550e-01   1.3874723e+00   2.8805826e-01   2.9742117e-01   7.5546034e-02
   2.0000000e+00  -4.4459238e-01   6.0752643e-01  -1.1519105e-01   6.1466841e-01   5.2907346e-01  -2.9991525e-01  -1.4851474e+00  -9.7039667e-01   1.3106378e-01  -7.2814000e-01
   1.0000000e+00  -2.3637919e-01   1.4722408e+00  -1.2055339e+00   1.1295674e-01  -1.2648796e+00   1.7680370e+00  -6.6890611e-01   6.2255251e-01  -3.4096182e-01  -9.0147297e-01
   2.0000000e+00  -5.2264898e-01  -5.2668341e-01  -1.3680197e+00  -9.8076867e-01   5.7539465e-01  -1.8518276e+00  -1.6948363e+00  -1.3866149e+00   4.3569709e-01  -1.1398040e+00
   2.0000000e+00   1.6367135e+00  -1.6174238e+00   3.5331638e-01  -1.3863983e-01   9.8478587e-01  -7.3472643e-01  -7.6430783e-02  -5.2372783e-01  -1.3074208e-01  -8.5949174e-01
   2.0000000e+00  -1.8185302e+00  -4.8637381e-01  -1.5298847e+00   3.9682088e-01  -1.4443025e-01   7.6149679e-02   8.5649701e-01   7.3369409e-01   1.3669146e-01  -4.2187375e-01
   2.0000000e+00   1.0242272e-01   2.5300893e+00  -6.6564610e-03  -7.5081680e-01  -1.1305473e+00   1.1929511e+00   2.9842088e-01  -9.1031131e-01  -1.0840847e-01   1.8035700e+00
   2.0000000e+00   1.7795030e+00  -3.1665172e-01   9.2927201e-01  -5.0976520e-02  -1.5509522e+00   6.3951189e-01  -1.0817525e+00   1.4857694e+00  -5.6936272e-01  -1.4480136e-01
   2.0000000e+00  -3.5006834e-01  -1.0277476e+00  -8.9093341e-01  -1.6027645e+00   7.2575917e-01  -6.5133095e-01   1.8275893e+00   2.5335179e-02   3.0831667e-01  -1.4853597e-01
   2.0000000e+00   2.0536450e-01  -6.8128291e-01   1.0202331e+00  -2.5835794e-01  -1.7518752e+00   5.5835338e-01  -6.0928661e-01  -1.2167900e-01  -1.1740098e-01   2.0834957e-01
   2.0000000e+00  -2.0210355e+00  -7.8153441e-01   4.8938005e-01  -1.3568481e+00   2.4653876e-01   2.0463030e-01   1.4294380e+00  -1.0413360e+00  -1.1632271e+00  -1.5038983e+00
   1.0000000e+00  -1.6235868e+00  -9.8437037e-01  -4.6960978e-01   7.3248709e-01  -5.4221946e-01  -2.2689851e+00   7.6174278e-03   1.5313623e+00  -5.6306234e-01  -7.6365246e-01
   2.0000000e+00  -1.4739763e+00   3.5757110e-01  -3.6748334e-01  -2.0577084e-01  -1.7382366e-01  -6.6859483e-01   9.9094104e-01  -4.9737192e-01  -2.4689305e-01  -3.6226934e-01
   2.0000000e+00   1.5668707e+00   7.7887713e-01   1.1798701e+00   1.2873082e+00  -4.0953353e-01   1.5165913e-02   7.8889634e-01  -9.7982653e-01  -1.0172684e+00   2.0631784e+00
   2.0000000e+00   7.7262435e-01  -1.2589628e+00  -3.1793299e-01  -8.7911738e-01  -2.5204061e-01   5.9616926e-02   3.3041852e+00  -5.6210894e-01   3.6588612e-01  -1.5213611e+00
   2.0000000e+00  -5.2292031e-01  -1.0957078e+00  -1.7860873e+00   1.6847074e+00   1.6427437e+00  -1.5917794e+00   1.3727730e-01   5.5438021e-01  -9.9352109e-01   1.0425065e+00
   2.0000000e+00   2.6046994e-01   1.4434790e+00  -2.0684589e+00  -3.5447031e-01   8.8727541e-01   2.6080039e-01  -6.6927905e-01   1.2810083e+00  -1.5759429e+00   4.8009060e-03
   2.0000000e+00   1.9030436e+00   8.5756765e-01   5.0853873e-01  -7.4706483e-01   1.0318748e+00  -5.3215819e-01   1.2738680e+00  -2.5068540e+00   7.3277667e-01  -8.6826772e-01
   2.0000000e+00  -8.6534876e-01  -1.8733141e-01   1.2060029e-01  -7.4882153e-01   8.0331012e-01  -1.7098810e+00  -3.1801961e-01  -2.2041085e-01   8.8742806e-01  -7.4553646e-01
   2.0000000e+00   4.7767108e-01  -8.5782607e-01  -7.7597995e-01  -7.0384028e-01  -1.9011077e-01  -7.6228219e-02  -4.0439503e-01   8.2740804e-01  -2.5976820e-01   3.6683885e-01
   2.0000000e+00   8.1350825e-01  -1.7032796e-01  -2.6947016e-01  -1.4058189e-01  -8.7192327e-01  -5.3069835e-01  -2.6000102e-01   5.5674056e-02   2.0852235e+00  -2.0612029e+00
   2.0000000e+00  -1.2256380e+00   2.8093287e-01  -2.4427753e-01  -1.2258559e-01   5.1235951e-01  -3.8943309e-01  -2.1581392e-01   6.0722331e-01   3.0124176e-01  -1.9687112e+00
   2.0000000e+00  -1.2255565e+00   6.1204864e-01   9.0167751e-01  -2.2447117e+00  -2.4118826e+00   5.9821883e-01   3.7586821e-01  -3.5298071e-01  -2.7279004e-01  -1.1163542e+00
   2.0000000e+00   3.4520061e-01  -1.2770542e+00   1.0819378e+00  -4.7687827e-01   1.6316145e+00   3.0785260e-01   8.6481364e-01  -2.0849831e+00   3.1381552e-01  -2.3972307e+00
   2.0000000e+00   6.0732637e-01   1.4842115e+00  -1.1598946e-01  -3.6451069e-01   2.8490467e-01   1.0384141e-01  -1.1088415e+00  -1.2881575e+00   6.3184499e-01  -2.3388606e+00
   2.0000000e+00  -1.4298943e+00  -6.2223925e-01  -9.6280250e-01   1.7378783e+00   8.3338972e-01  -1.7573577e-02   7.6480259e-01  -7.5772941e-01   5.9351023e-02   6.2977900e-01
   2.0000000e+00   1.0741753e+00   1.5182178e+00   1.9245700e-01   7.3940298e-01   5.6709968e-01  -1.9825353e+00  -9.1691208e-01  -7.2267437e-01  -1.4875730e+00   7.3522380e-01
   2.0000000e+00  -4.2457025e-01   5.4523311e-01   1.6125786e+00  -8.4393985e-01  -4.2100834e-01   1.4660007e+00  -8.8073614e-01  -2.9131752e-01  -1.6796096e+00   1.7157054e-01
   2.0000000e+00  -1.8380320e+00   5.5085182e-03   1.5908659e-03  -6.6683077e-01  -1.7398491e+00  -3.5249917e-01  -3.1759280e+00  -2.5858214e+00  -8.8860648e-01  -6.8692418e-01
   2.0000000e+00   2.2592863e-01  -3.7052731e-01  -1.1739099e-01   2.4238373e+00   7.1083695e-01   7.1329946e-01   1.9743712e-01  -2.8567534e-01   9.6394765e-01  -1.1496344e+00
   2.0000000e+00   1.2936334e+00  -6.0301266e-01  -1.0780696e-01   9.2093093e-01  -1.6108803e+00   7.6366603e-01   9.0097223e-01  -1.8091491e+00   3.9791809e-01  -1.6241833e+00
   2.0000000e+00  -2.6494608e-01  -1.9232757e+00  -1.3671106e+00   9.7004576e-01  -7.2312005e-01   5.5706399e-01   7.4383259e-02   1.9563019e+00   7.6222848e-01  -6.3742746e-01
   1.0000000e+00   1.4055897e+00  -1.2001610e+00   3.0405903e-02   7.9285575e-01   1.7594769e-01   5.6507556e-01   8.9274156e-02   6.6283466e-01   5.1728854e-01   2.4598204e-01
   2.0000000e+00   7.5071665e-01   8.5684758e-01   3.3704218e-01  -1.0946166e+00  -1.2661632e-01  -1.7676452e-01  -1.0789744e-02  -9.0014479e-02   9.7341541e-01  -5.8297800e-01
   2.0000000e+00  -1.3571545e+00   1.2081853e+00  -2.9337168e+00  -7.7347578e-01  -6.2812094e-02   1.5513994e+00   7.0901598e-01   1.6345582e+00   5.2067824e-01   9.9926448e-01
   1.0000000e+00  -8.4653464e-01  -5.3238668e-02  -1.6335612e+00   2.0675074e-02   1.8499030e+00  -1.9020514e+00   7.7971258e-01  -4.0077615e-01  -1.2756313e+00  -8.7970159e-02
   2.0000000e+00  -4.5426311e-02  -5.6986648e-01   3.1631640e-01   8.8861123e-01  -3.9819635e-01  -3.0075090e-01   3.2508955e-01   5.8326052e-01  -6.3395008e-01  -4.6349180e-01
   2.0000000e+00   1.1949089e+00   4.9006490e-01  -1.8666461e-01  -5.4745588e-01   1.0312682e+00   6.6982080e-01   6.2935503e-03  -3.9627504e-01  -3.1046035e-01  -4.5955684e-01
   2.0000000e+00   5.1034565e-01   9.0713435e-01  -2.0143286e-01  -8.2405919e-02   3.9638000e-01   2.4562495e-01  -1.4641667e+00  -9.9704628e-01  -4.2067469e-01   2.9831576e-01
   1.0000000e+00  -1.3975548e+00  -1.3790037e+00   7.1612148e-02   4.4350358e-01   1.0207729e+00   1.5249350e+00   6.6189071e-01   2.4404326e-01   2.7121393e+00   1.5654051e+00
   2.0000000e+00   1.3796696e+00   8.5412486e-01  -1.1629982e+00   1.3946320e+00   1.1127006e-01  -2.1628648e-01  -1.3582994e+00  -2.2662588e+00  -2.6751652e+00   5.2742450e-01
   2.0000000e+00   1.9270443e-01   1.3073255e-01   9.3048218e-02   1.2791563e+00  -1.1879345e+00   1.3292521e+00  -5.5907310e-01   1.4118217e+00   7.0854549e-01   7.8883364e-01
   2.0000000e+00   8.6663532e-01   3.4836905e-02   7.4494975e-01  -5.2683237e-01  -3.9375306e-01  -1.0566555e+00  -1.0463111e+00   6.2542109e-01   4.4668574e-03  -2.1497022e+00
   2.0000000e+00  -5.8570132e-01   6.0373417e-02  -1.2135699e+00  -1.8107533e-01   3.6205478e-01  -1.1816050e+00   5.3515299e-01  -2.6499832e-01   5.5237329e-02   1.5570857e+00
   2.0000000e+00  -1.0125402e+00  -2.8326039e-01   3.8049866e-01  -6.8662860e-01  -1.7685751e-01   5.8048044e-01  -1.2936370e+00  -1.1252130e-03  -7.3625994e-02   3.9763579e-01
   2.0000000e+00  -9.7417752e-01  -2.0988315e-01  -6.7195472e-01  -5.8463343e-01  -3.8958458e-01  -7.5190427e-01  -2.1547901e-01   2.6885173e-01   6.9200218e-01   7.6733626e-01
   2.0000000e+00   1.0870458e+00   8.3088840e-01   6.2082412e-01  -2.8844525e-01  -2.9675113e+00  -8.8577746e-01   4.5985972e-01   1.4848943e+00  -8.6099191e-02  -1.7580153e+00
   2.0000000e+00  -2.0290104e+00   3.2055789e-01   6.9102352e-01  -5.3220195e-01   7.5280839e-01  -6.8977606e-01   1.0163329e+00   3.4516364e-02   5.4787261e-01   1.1394902e+00
   2.0000000e+00   2.3517787e-02   1.2122612e+00   1.2343954e+00  -9.9225808e-01  -3.8729942e-01   1.3973179e-01  -6.7163542e-01  -1.8103734e+00  -1.6798528e-01  -1.3470533e+00
   2.0000000e+00  -5.8066880e-01   1.2789012e-01   6.4326980e-01  -2.1779926e-01   5.2531439e-01  -9.8465938e-01   1.3578757e-01   8.8128838e-01  -1.8758619e+00   1.5307420e+00
   2.0000000e+00  -4.4920402e-01  -1.3948789e+00  -2.0250710e-01  -1.3012740e+00   4.9051575e-01   2.4335174e-01  -6.7441002e-01  -3.7600999e-01  -3.9834385e-01  -5.9819175e-01
   2.0000000e+00  -5.7401925e-01   6.1164073e-01   5.9353226e-01   8.9772224e-01   4.1575358e-01   1.9828422e-01  -1.2446943e+00   8.8346301e-01   9.8033693e-02   6.4533989e-01
   2.0000000e+00  -2.7858227e-01  -5.4070348e-01   3.8661499e-01  -1.2479088e-01   1.1857074e+00   2.3353703e-01   7.9850789e-01   1.7613223e-01   8.3689707e-01  -1.1192889e+00
   2.0000000e+00   2.4272314e-01  -1.1961777e+00  -8.6178828e-02  -4.7905843e-01   1.0909884e+00   1.5728839e-01   4.0869780e-01  -4.6494100e-01  -1.3884046e+00   2.2148667e-01
   2.0000000e+00  -7.1708624e-01  -3.7125508e-01   9.1006001e-01   1.7902598e+00   8.0667106e-01  -4.8347822e-01   8.9557080e-01   1.5138207e+00  -8.8755941e-01  -8.6888467e-01
   2.0000000e+00  -9.4005874e-01   1.1064273e+00   9.6440357e-01  -3.6038123e-01  -2.0768287e+00   6.8269180e-02  -6.5127676e-01  -1.2051443e+00   1.6684874e+00  -1.3133702e+00
   2.0000000e+00  -1.4890108e+00  -1.3333777e+00  -8.9919570e-01   8.6589943e-01  -6.9056421e-01  -3.3230392e-01   1.0561122e+00  -5.4664199e-01  -1.2465519e-01   1.2514616e+00
   2.0000000e+00  -1.0750397e+00   6.0654626e-01   2.0190715e-01  -4.1532395e-01   8.6447723e-01  -1.4489239e+00  -1.1728861e+00  -6.7698282e-01  -1.0816305e-01   1.0183458e+00
   2.0000000e+00   1.3417508e+00  -4.0836305e-01   2.0480916e-03  -5.3595833e-01   3.5445920e-01   2.1761981e+00   3.3073135e-01   9.9737185e-01  -2.5541824e-01  -4.1830158e-01
   2.0000000e+00  -4.5035716e-01  -3.5463721e-01   1.7032955e+00  -1.0511116e+00  -7.2078954e-01  -1.0247996e-01   3.8584559e-01   8.4651188e-01   1.9046804e-01  -7.8800745e-01
   2.0000000e+00  -1.5861598e+00  -7.9784339e-01  -1.1099318e+00   1.3108416e+00   5.4362361e-01   9.1200862e-02  -1.7173661e+00   7.5538184e-01  -1.1044041e-01  -4.1924343e-01
   2.0000000e+00  -8.8586318e-01  -4.0258856e-01  -5.6917915e-01  -1.0204759e-01   1.8752903e-01   7.0302041e-01   7.8056353e-01  -7.4288797e-01  -1.0680112e+00  -2.0312320e-01
   2.0000000e+00   3.0580318e-01   1.0805942e+00  -1.8848410e+00  -2.0790348e+00  -5.6650798e-01   5.3826192e-01   1.6155811e+00  -5.9286084e-01   1.1916949e+00  -2.8739747e-01
   2.0000000e+00  -1.1257767e-01  -3.9322349e-01  -1.7601571e+00   8.5934119e-01   3.3384111e-01   5.6091572e-01   1.2395605e+00   4.7353046e-03   3.8636625e-01  -2.0976666e+00
   2.0000000e+00   6.7004847e-02  -1.2160561e-01   2.3378312e+00  -3.6498732e-01  -4.3470689e-01   1.5034667e+00  -4.1954260e-02   8.5248180e-02  -2.6698368e-01  -7.6137701e-01
   2.0000000e+00  -3.5246096e-01  -1.2500337e+00   1.3630115e-01   1.7598174e+00   3.5336748e-01   5.0296372e-01   2.7914280e-01  -6.6414124e-02  -4.7267577e-01   1.8425318e-01
   2.0000000e+00   1.3300223e+00  -1.0323393e+00   1.3557993e+00   1.2219650e+00   8.7725097e-01   7.8306331e-01  -3.3769514e-01   1.0321128e+00  -1.5767128e-01  -9.5597245e-01
   2.0000000e+00  -7.1309347e-01  -2.1423337e-01  -5.4756841e-01  -1.8943589e+00  -1.0361594e-01  -7.6949528e-01  -9.0575346e-01  -4.7247629e-01  -8.1573163e-01  -1.5411066e+00
   2.0000000e+00  -8.0003567e-01   5.0195583e-01   5.1818299e-02   8.0848889e-01  -7.9255386e-01   7.4330182e-01  -6.4486288e-01  -1.8835068e+00  -8.0335510e-01  -1.0377277e+00
   2.0000000e+00  -1.8550770e+00   4.0851689e-02  -1.1904194e+00   1.3613589e+00   2.0634681e+00  -1.4314455e-01   3.6535625e-01  -1.0434218e+00   1.4836183e+00   1.6873041e-01
   2.0000000e+00  -1.5532140e-01  -6.8991852e-01  -2.2633120e+00  -1.2708556e+00  -6.5708324e-01   7.5591865e-01  -2.1752907e-01   1.0801497e+00   8.2517395e-01  -4.0963115e-01
   2.0000000e+00  -3.3606989e-01  -2.1713156e-01   2.0180893e+00   1.3853379e+00   5.7440563e-01   1.3250028e-01   2.1531041e+00   1.4454164e+00  -1.1582494e+00  -1.0831881e+00
   2.0000000e+00   5.4040749e-01   8.6183021e-01   1.2760614e-01  -1.8189466e-01   1.7722039e-01  -1.2572313e+00   4.3312903e-01   7.5922050e-01   1.8215610e+00   1.6461612e+00
   2.0000000e+00  -5.5651730e-01  -2.1067042e-01  -7.7549464e-01   1.3788488e+00   1.4709365e+00   6.6938625e-01   4.0551947e-01   8.1972341e-01   6.1360890e-01   1.3487801e+00
   1.0000000e+00  -1.1626118e+00   1.4914979e+00  -7.6073134e-02   1.1232153e-01  -4.5005571e-01   1.1854058e+00  -2.3326588e-01  -1.2400897e+00   4.0780520e-01   3.0563333e-01
   2.0000000e+00  -1.9733189e+00  -9.0556021e-01   1.7146466e+00  -1.1758476e+00   5.7115591e-02   4.2291774e-01  -7.4660012e-02   9.6569729e-01  -1.2831652e+00  -4.5192143e-01
   2.0000000e+00   2.8518103e+00  -1.4470667e+00   9.6792911e-02   5.8354683e-01   1.3716551e+00  -1.3795087e+00  -9.2877216e-01   2.8200976e-01   1.0953659e+00   2.9582892e-01
   2.0000000e+00   3.8171216e-01   2.8476223e-01   1.6668129e+00   2.9483670e-01  -3.2971119e-01  -1.3308802e+00   1.2725850e+00  -8.8347242e-01   9.5521278e-02   7.2713971e-01
   2.0000000e+00   2.0481080e+00  -4.0233218e-01  -2.2402345e-01  -4.8871190e-01  -9.3728315e-01   1.0146034e+00  -1.0319434e+00   1.0870908e+00  -1.6236771e+00  -3.9938768e-01
   2.0000000e+00   4.1072617e-01  -8.9743187e-02  -7.8474988e-01  -2.8566716e-01   8.7798483e-02   7.4568293e-01  -3.8597905e-01   4.9000800e-01   9.0522698e-01  -1.2009327e+00
   2.0000000e+00  -1.4646168e+00   9.8707436e-02   1.4719065e+00  -1.1421153e+00   2.7357335e-01  -7.1160624e-01  -6.5495540e-01   2.2203411e-01   1.3622368e+00   1.3749336e-01
   2.0000000e+00   9.9545256e-01   1.5941463e+00  -2.0031123e+00   5.6998008e-01   6.2274620e-01   1.5984314e-01   1.5944660e+00   1.8826507e-02   2.0266214e-01   1.7361731e+00
   2.0000000e+00  -4.2064113e-01  -1.0614124e+00   8.2264950e-01   1.5904957e+00   1.6169187e+00  -2.8843030e-01   8.8649260e-01   1.2181939e+00  -1.1015337e+00  -4.9621767e-01
   2.0000000e+00   1.2159042e+00   2.6001650e-01   1.4436566e+00  -9.0000570e-01  -3.3792851e-01  -1.0838244e+00  -2.5383684e-01  -7.8131197e-01   3.4379895e-01  -7.3478612e-01
   1.0000000e+00   1.0298135e+00   1.0316880e+00  -6.5331666e-02   6.1461465e-01  -1.2235431e+00   1.3334937e+00  -3.2624450e-02   8.8485537e-01  -5.8709861e-01  -8.5498002e-01
   2.0000000e+00   6.6727740e-01  -7.6520888e-01   8.1902640e-01  -7.2484425e-02  -6.4341769e-02  -4.4416433e-01   4.0328835e-01  -3.3521090e-01  -7.8617521e-01   1.9887552e+00
   2.0000000e+00   3.5209894e-01  -4.0091325e-02   1.8191345e+00  -7.1031349e-01   8.3237704e-01  -1.1013121e-01  -5.0289258e-01   1.3360885e+00   3.0523241e-01  -2.5616913e-02
   1.0000000e+00  -2.0411488e-01   1.1954966e+00  -2.5256477e-01   3.2837510e-01  -1.3395412e+00  -1.0626857e+00  -7.7315227e-01  -3.1925512e+00  -7.1669138e-01  -1.3464796e+00
   2.0000000e+00   1.8360335e+00  -9.8991340e-01   9.6358223e-02  -1.0063093e+00  -3.9890079e-01  -9.6823522e-01   8.5137260e-01  -1.6146781e-01  -7.9804579e-01  -3.1941424e-01
   2.0000000e+00  -1.3277654e-01   3.7604380e-01   8.4379792e-02  -7.8266838e-01  -1.8418403e+00   7.9675113e-02   4.7928454e-01  -5.5601406e-01   6.1600743e-01   1.4015561e+00
   2.0000000e+00  -1.2222172e+00  -4.5151470e-01  -5.7666815e-01  -2.7125948e-01   1.2699558e+00  -1.1205131e+00   4.5343517e-01   1.6025874e+00   1.1367200e-01   1.0384210e+00
   2.0000000e+00  -1.2639656e+00   2.9757669e-01   2.4742976e+00  -1.4033205e+00   3.7241862e-01  -7.3925753e-01   1.2560563e+00  -6.8352497e-01  -5.4655507e-01  -2.2762933e-02
   2.0000000e+00   1.4489011e-01   7.1990678e-01  -1.5390483e-01   3.0821343e-02   1.4925562e+00   2.4782642e+00  -1.0914157e+00   1.0053026e+00   9.5986578e-01   9.2925972e-01
   1.0000000e+00  -8.2005375e-01   2.0235962e+00   1.4668794e+00   6.0749275e-02   1.1251342e+00   1.0251503e+00   5.9014919e-01   7.6943950e-01  -1.4004210e+00   3.7059086e-01
   2.0000000e+00  -1.6113302e+00  -1.5512564e+00  -6.0335293e-02   1.2696598e+00  -3.7886691e-02  -2.5871511e+00   1.1596401e+00   6.7765558e-01  -7.8868271e-01  -9.3020103e-01
   2.0000000e+00  -3.3765718e-01   2.3842050e-01  -1.6207864e-01   1.8819742e+00  -1.8605894e+00  -9.7640367e-01   1.4622162e+00  -4.4304555e-01  -2.2040762e+00   8.9570887e-01
   2.0000000e+00   6.4052900e-01  -2.3003238e-01   3.6229264e-01   1.0718043e+00   7.2725975e-02   1.3406728e+00   1.6178439e-01   7.1270713e-01  -4.8385526e-01  -1.4313768e+00
   2.0000000e+00   9.6426528e-01  -2.8041090e-01   6.4873273e-01  -1.5248310e-02  -3.3197390e-01  -7.8626115e-01  -9.3236557e-02  -3.2464487e-01   8.3880595e-01   1.3095597e+00
   1.0000000e+00  -7.9510714e-02  -3.8817595e-01  -9.5779503e-01   1.6180226e-01   4.0462553e-01  -6.3461237e-01   7.4132033e-01  -1.2035388e+00  -1.1839511e+00   6.0860750e-01
   2.0000000e+00  -7.2993338e-01  -1.2929124e+00   1.1202420e+00   6.8681165e-01   1.6152996e+00   7.5175349e-01  -7.6598625e-01   1.8996642e+00   2.9353852e-01   5.7786845e-01
   2.0000000e+00  -4.9696908e-01   1.1595181e-02   5.8228614e-01   1.1912326e-01   3.6178681e+00   6.2883284e-01  -2.2983386e+00  -1.9087793e-01  -5.9643217e-01  -8.8905647e-01
   2.0000000e+00  -1.4826279e+00   5.2505335e-01  -1.2573070e-01   3.1950715e-01   2.2903587e+00   3.0171353e-01   4.2382998e-01   3.5740304e-01   8.6564108e-01  -2.3064507e-01
   2.0000000e+00   2.1983761e-01  -1.6906808e-01   6.5402730e-01  -6.9086608e-01   1.3976885e+00  -7.2787203e-02  -4.1001753e-01   8.1648041e-01   4.9893907e-02   4.5161173e-01
   2.0000000e+00  -7.7135446e-01   2.5776999e+00  -4.1907265e-01  -4.4827419e-01  -7.4416933e-01   6.1558052e-01  -2.8283803e-01   5.8009318e-01  -1.2090360e+00   2.3302578e+00
   2.0000000e+00  -6.3712636e-01  -1.6285514e+00   7.1895300e-01   1.1713221e+00  -1.2514591e+00   2.4877062e-01  -1.7728635e-01  -1.8853014e-01   8.0934699e-01  -4.2709448e-01
   1.0000000e+00  -4.7541782e-01   8.7045868e-02  -1.6086573e+00   2.8066671e-01  -9.5197700e-01   2.5700656e-01   1.7301630e-01   1.3133909e-01   5.6609655e-01  -9.6705174e-01
   2.0000000e+00  -2.7375220e-01   1.4538616e+00   1.8922473e-01  -6.6349129e-01   5.3046635e-01   2.8669005e-01   4.8613609e-01  -1.2610178e+00  -7.2249550e-01   1.2120150e+00
   2.0000000e+00   3.7143880e-01  -1.2624431e+00   1.5936092e-01   3.7685832e-01  -6.4562727e-01  -5.1139394e-01  -1.0284398e+00   6.4045033e-02   4.5795358e-01  -1.1943322e+00
   1.0000000e+00  -5.2164751e-02  -1.5660950e+00   6.3722787e-01   3.2568928e-01   1.4318027e+00  -5.7391820e-01  -3.2572127e-01   1.0520518e-02   4.0587149e-01  -1.8431110e+00
   2.0000000e+00   1.2192101e+00   1.3861509e-01   1.5379729e+00   6.2490061e-01  -6.4930981e-01  -5.4245592e-02  -8.9781941e-01   2.6267639e-01   3.9558401e-01   8.1673730e-01
   1.0000000e+00  -3.8927642e-01  -6.3536571e-01  -3.6878325e-01   1.6924635e-01   6.7596126e-01   4.0654109e-03   8.4391008e-02   5.8840747e-01   2.9489152e-01  -1.2832079e-01
   2.0000000e+00   5.4722353e-01  -7.7731909e-01   9.4991982e-01  -1.0279175e+00  -5.8795216e-01  -1.1643811e+00  -1.0698235e+00  -3.8238930e-01  -2.1041798e+00  -1.2464073e-01
   2.0000000e+00  -1.1251703e+00  -1.3104023e+00  -2.3337924e-01  -1.6262403e+00   4.2850046e-01   2.0956172e-01  -1.1180647e+00   2.0060742e+00  -2.0519878e-01   6.9402982e-01
   2.0000000e+00  -1.2027083e+00   5.0885236e-01  -3.6449018e-01   1.1544581e+00   4.5066237e-01  -1.2378462e+00  -4.5476792e-01  -4.3443619e-01   1.1603847e+00  -9.4248152e-01
   1.0000000e+00  -1.9131213e+00  -1.4319175e+00  -3.1336679e-01   9.3233143e-02  -4.4317443e-01  -1.3930720e+00   1.1718736e-02  -8.7211183e-01   5.7000864e-01  -2.7282555e+00
   2.0000000e+00  -5.3544601e-01  -1.7935717e-01   2.6219624e-01  -1.4051218e+00  -1.1804071e+00  -8.7955482e-01  -9.5159707e-01   1.2914490e+00   1.3128044e+00   1.3033819e+00
   2.0000000e+00  -5.6861656e-02  -1.4484797e+00  -1.5380335e+00  -3.8468175e-01  -8.3878566e-01   8.6050899e-01  -1.7057377e-01  -2.2843339e+00   2.0323531e+00   2.6638237e-01
   2.0000000e+00  -2.5694158e-01  -1.2324381e-01  -4.1557277e-01  -1.3296836e+00   1.1802088e+00  -1.4118904e-01  -4.7621663e-01   1.0196432e+00   1.5633556e-01   6.8977606e-01
   2.0000000e+00   3.5312168e-01  -9.3571505e-01  -4.6607951e-01   7.0384383e-01   3.3757464e-01  -1.0749616e+00   7.4112499e-01   1.8437876e+00  -1.4011711e-01   1.1550403e+00
   2.0000000e+00   2.7537566e-01   1.2337866e+00  -1.9285097e+00   1.2784321e+00  -8.4280596e-01  -1.5174030e-02   6.6182919e-01  -9.0316354e-01   1.5123411e+00   9.7742137e-02
   2.0000000e+00  -1.0683597e+00  -1.3091382e-01   1.2323820e+00  -7.2869565e-01   9.6843774e-01   5.0847033e-01   1.2438941e+00  -1.0325969e+00   3.1086276e-01  -2.3273491e-01
   2.0000000e+00   1.6103675e+00   9.1186205e-01  -5.8409522e-01   1.3665397e-01  -9.6492699e-01  -2.6613075e-01  -1.6095173e+00  -1.1272762e+00  -6.8368145e-01  -1.4176870e+00
   2.0000000e+00   1.0738520e+00  -8.6171511e-01  -4.9244815e-01   1.2942991e+00  -6.4587317e-01   1.6378078e+00  -1.4246163e+00  -1.6082010e-01  -8.4015130e-02  -5.1106632e-01
   2.0000000e+00   7.0688818e-01   7.5776572e-01   1.7375495e+00   6.6965517e-01   5.0672934e-01   4.1855937e-01   1.9635004e+00  -2.5724363e+00   9.4301646e-02  -1.0146995e+00
   1.0000000e+00  -3.7749794e-01   1.7454159e+00   2.8754565e-01   3.1069803e-02  -1.6314331e+00  -6.8023925e-01  -6.3241169e-01   9.1523005e-01  -9.2960418e-01  -1.8249718e+00
   2.0000000e+00   1.4452762e+00  -1.9795555e+00  -2.8707825e-01  -2.2586349e-01  -1.0795849e+00  -7.6934272e-02   9.0289367e-02   1.3613827e+00  -9.9630229e-02   3.7457724e-01
   1.0000000e+00   6.7793602e-01  -3.3502941e-01  -5.8282695e-01   5.5210322e-01  -1.2925976e-01   4.3217665e-01   6.2755616e-01   7.7228421e-01  -1.0115486e+00   1.8400246e+00
   2.0000000e+00   1.1615026e+00   5.0232553e-02   1.6127205e+00  -1.1431727e-01   4.7980436e-01   7.6121704e-01  -8.3034565e-02  -9.6728324e-01   2.0312450e-01   1.1466333e+00
   2.0000000e+00  -7.4834588e-01  -1.0800143e+00  -1.2146617e+00   4.3425109e-01  -1.0843051e+00  -4.3539034e-01  -1.4891960e+00   6.7435064e-01   1.0068917e+00  -1.9500663e+00
   2.0000000e+00   1.2114930e+00   2.0919649e+00  -2.2427651e-01  -6.1416504e-01  -1.7727320e+00  -5.4330901e-01  -7.1053668e-02  -1.9286920e+00   4.0433709e-01   1.6815215e+00
   2.0000000e+00  -1.9313305e-01  -1.5818649e-01   1.4177438e-01  -1.7374074e-01   2.3143374e-01  -1.2434684e+00  -4.9182382e-01   9.3917868e-01  -8.2396767e-01  -9.5183561e-01
   2.0000000e+00  -7.1567860e-01   1.8467286e+00  -7.9424442e-01   1.2055507e+00  -1.7474682e-01  -6.5345479e-01   1.9513006e+00  -4.4649528e-01   6.4926784e-01   6.3807063e-01
   2.0000000e+00  -1.0103789e+00  -9.9385136e-01   2.1117185e-01  -1.6286495e+00  -6.8840881e-01   7.9211507e-02   1.6390096e+00   2.7657408e-01   6.1063020e-01  -7.8182401e-01
   1.0000000e+00  -7.2276109e-01  -2.3653375e-01  -8.1252693e-01   5.4985291e-01   3.9530516e-01  -1.7246684e-01   3.3980788e-01  -8.9416254e-01  -9.5915531e-01   9.4937799e-01
   2.0000000e+00  -1.6082225e+00  -5.3390764e-01   3.4062774e-01  -8.9531074e-01   1.6584174e-01  -7.7820371e-01  -6.0576480e-01  -1.4948457e+00   5.6137819e-01   6.9840380e-02
   1.0000000e+00  -6.0789262e-01  -2.3940501e+00  -9.6327855e-02   2.2037340e-01   9.1348069e-01   7.8478048e-01   1.0292916e-01   2.3987380e-01  -2.0804061e+00  -2.3611689e-02
   2.0000000e+00  -9.5978087e-01  -7.9713098e-01   7.8806600e-01  -1.9542604e-01  -2.6044223e-01   2.7932439e+00   2.3994120e-01   3.2622781e-01   1.0397952e+00  -1.2467009e-01
   2.0000000e+00   8.9709879e-01  -4.1277931e-01   9.3170311e-02   1.1852698e+00  -2.0045609e+00  -6.9256603e-01  -1.0810042e+00   1.0679918e-01   4.5738207e-01  -4.1070826e-01
   2.0000000e+00   1.5237846e+00   9.1069683e-02  -9.8541212e-01  -1.4065911e-01   1.6819750e+00  -7.6108613e-01   9.3155220e-01   1.7255190e+00  -1.5761012e+00  -6.0169789e-01
   1.0000000e+00  -5.2933958e-01  -1.5490559e+00  -1.4055055e-01   8.1049202e-01  -1.6126610e+00  -1.3722502e-01  -1.7108422e-01  -4.2001632e-01  -7.6364917e-01  -2.7193327e-01
   2.0000000e+00  -1.3778756e-01   9.9801890e-02  -1.9281503e-01  -1.2008314e+00  -1.8026605e-02  -3.6158328e-01  -1.4194840e+00   1.6638845e+00  -1.2004716e+00   5.0399763e-01
   2.0000000e+00  -9.3335927e-01   6.6459485e-01   1.4127926e+00  -3.0331116e-01  -2.7872499e-01  -1.1844142e+00  -9.9832657e-01   6.8366444e-01  -5.1901647e-01  -1.4697541e+00
   2.0000000e+00   1.0372268e+00   3.3320837e-01   3.7002666e-01  -6.7932050e-01   4.7272240e-01   6.0554219e-01   1.1176426e+00  -7.9559211e-01   1.8325996e+00  -5.3127349e-01
   1.0000000e+00  -1.3661639e+00   1.1162859e-02  -1.9887355e-01   8.8678290e-02  -4.7033265e-01   1.4222155e+00  -8.1144599e-02  -6.8770780e-01   9.7509877e-01   3.8568997e-01
   2.0000000e+00   1.3724105e+00   3.9302011e-01  -6.0101707e-01  -2.3250357e-01  -5.2468657e-01  -9.0150406e-01   1.4475881e+00  -1.5772126e+00   1.2551398e+00   1.3337860e-03
   2.0000000e+00   6.4625697e-01   5.9494482e-01   1.0936166e-01  -1.5014164e+00   2.7475068e-01  -1.0432548e+00  -4.5959576e-01   1.6873318e+00   1.6830773e+00   1.7726985e+00
   2.0000000e+00  -1.9087895e+00  -4.2624861e-01  -1.1687743e+00  -6.4462171e-01   1.8359234e+00   7.8452887e-01   8.4636955e-02   8.3353259e-01   2.4584845e-01  -5.9311860e-01
   2.0000000e+00  -5.4933840e-01   1.9080958e-01  -2.0169668e+00   5.6724348e-01  -1.5186252e+00  -6.9096080e-01  -2.0926851e+00  -6.6008594e-01   3.3253056e-01  -6.0700571e-01
   2.0000000e+00  -4.0775322e-01   1.1697783e+00   7.3298330e-01  -4.4689172e-01  -9.0490701e-01   1.7862997e-01   2.7013330e-01  -6.0905506e-02  -7.0288318e-03   1.7287703e+00
   2.0000000e+00   5.2510074e-01  -1.3618566e+00  -7.2895369e-02   1.1125179e+00  -6.8070429e-02   7.9520853e-01  -1.7179024e+00  -2.3921929e-02   2.7455612e+00   1.1393990e+00
   2.0000000e+00   1.2392605e+00   9.6546835e-01   2.0467691e+00  -9.5359336e-01   1.3030528e+00   2.1385679e+00  -1.0545730e+00  -7.6742798e-01   4.1574695e-01   7.4590821e-01
   1.0000000e+00  -6.8324132e-02   3.9441566e-01   1.9717219e+00   7.4502514e-01   9.5366083e-01   1.3446786e+00   3.5942702e-01  -3.0626221e-01  -5.6156936e-01  -1.6268650e+00
   2.0000000e+00  -5.7285217e-01   1.9338397e+00   1.1419104e+00  -8.6027253e-01  -1.1095718e+00  -1.3885485e+00   1.6493061e+00   4.7807319e-01  -1.1500246e+00  -3.1743821e-01
   1.0000000e+00  -2.5936717e+00   5.0912581e-01  -4.5759957e-01   3.5081000e-01   5.7250906e-01   7.4253273e-01  -1.5802565e-01  -8.0367834e-01   5.7309073e-01   4.8683601e-01
   2.0000000e+00  -6.1210369e-01   3.8395188e-01  -1.6860226e-01  -8.6548481e-01   6.0279904e-01  -1.4883393e-01  -1.9197587e-03   7.7462546e-01   4.9635899e-02   8.9256549e-01
   2.0000000e+00   1.1156685e+00  -5.9869980e-01   1.1451829e+00  -1.2547719e-01  -5.9959546e-01  -5.5080400e-01   1.1992395e+00   1.1352686e+00   8.0763798e-02  -3.8469823e-01
   1.0000000e+00  -7.3801375e-01   1.8136181e+00   9.9193802e-01   7.6576876e-01  -1.5603552e+00   1.5744848e+00   1.6307319e-01   2.4548601e+00   1.5567859e+00   2.6767144e-01
   2.0000000e+00   5.8787114e-01  -6.2357873e-01  -8.8261786e-01  -3.8054763e-01   1.6571903e+00  -1.4464152e-01  -1.0025171e-01   1.7602426e-01   3.6751667e-01   5.0858687e-01
   2.0000000e+00   3.7988069e-01  -6.1019828e-01   8.7951041e-02  -4.5801317e-01   5.7379012e-01  -1.1635552e+00  -1.5024065e-01  -2.3413756e-01   1.8103907e+00   6.8081369e-01
   2.0000000e+00  -1.5371794e+00  -2.9929833e-01   1.1490990e-01   8.8159033e-01   4.2823960e-02  -1.5847567e-01  -7.1019945e-01   1.5069411e+00  -5.6843572e-02   2.0979860e-01
   1.0000000e+00  -2.3916746e-01   4.3204875e-02  -1.0033379e+00   7.4996901e-01  -5.9509462e-01  -6.6306594e-01   4.5604314e-01  -8.8601316e-01  -1.2063554e+00  -4.1229682e-02
   1.0000000e+00   8.4292295e-01  -1.1002319e+00   1.1402075e+00   7.4859501e-02  -6.7046631e-01  -2.8036684e+00  -2.5155619e-01  -7.7312711e-02  -7.3292503e-01   3.5273759e-01
   2.0000000e+00   4.8178615e-01   1.4504679e-01  -1.8202875e+00  -1.2155068e+00   3.1731117e-01  -1.2470804e+00   1.1762918e-01  -1.5259095e+00   3.5915640e-01   9.6622703e-01
   2.0000000e+00   6.3830066e-01  -3.7655231e-01  -1.2157854e+00  -3.8672695e-01  -1.1670208e+00   2.2519311e-01   1.5561661e+00  -1.9758393e+00   1.7229766e+00  -1.4436379e-01
   1.0000000e+00   5.0447941e-02   1.7695866e+00  -1.0184015e-01   2.1903476e-01   7.3641850e-01   1.0763171e+00  -8.7212636e-01  -2.5600137e-01   1.4374273e+00   2.9177276e-01
   2.0000000e+00  -9.3309906e-01  -3.7516153e-01   9.8276574e-02   1.5859244e+00  -4.7842231e-01   8.1978226e-01  -5.5506124e-01  -3.1248033e-02   1.4024380e-01   9.7812180e-01
   2.0000000e+00   4.7244871e-01  -3.3752009e-01  -1.1934181e+00  -2.1512276e+00   1.1611544e+00   4.0732552e-02   4.3768374e-01   9.6384011e-01  -8.3957862e-01  -1.0167563e+00
   2.0000000e+00   1.8522034e-01   1.1405433e+00   1.0552134e+00   1.1429493e+00   3.0198063e-01  -1.7112979e+00   4.1812443e-01   8.3755659e-02  -6.6483209e-01  -2.0122613e-01
   1.0000000e+00  -2.8247465e-01  -3.7326505e-01  -2.3727586e-01   6.0817611e-01  -1.6709881e+00   4.5983901e-01   2.5093357e-01   1.6016654e+00   9.9318908e-01   9.8825237e-03
   2.0000000e+00  -1.5402113e+00   8.2054106e-01  -8.9946732e-01   1.7282898e+00   1.6436721e+00  -4.3832404e-01   1.7822569e+00   1.3771922e+00  -8.1601463e-01  -4.1198610e-01
   2.0000000e+00   2.3783395e-02   2.2377054e-02   8.4558775e-02   5.5127152e-01  -1.1204074e+00   5.2263896e-01  -9.4120805e-01   1.9163016e+00  -1.4613780e-01  -1.5977594e-01
   2.0000000e+00  -8.5523755e-01  -1.3281660e+00  -5.2095473e-01  -3.5485937e-01  -9.8149431e-01   8.0699948e-01  -2.3627023e-01  -1.1842024e+00  -4.9603722e-01   2.4850013e-01
   2.0000000e+00   1.6186950e+00  -4.9464039e-01  -1.9080764e+00   1.1879854e+00  -2.3513441e-01  -2.6549804e-01  -5.9590179e-01   1.8519279e+00  -2.4048630e-01   4.8181619e-01
   2.0000000e+00   4.5723408e-01  -2.8226080e-02  -2.0305871e+00  -9.9939400e-02  -1.0504103e+00   1.7400687e+00  -8.1946507e-01  -1.0421326e+00   9.0439843e-01  -4.4499030e-01
   2.0000000e+00   1.8079990e+00   4.3572502e-01   2.0978363e-01  -9.7751815e-01   3.0459877e-01   1.5064594e-01  -3.8305558e-01  -1.0355571e+00  -1.3404180e+00  -1.3843067e+00
   2.0000000e+00   1.0629907e-01   1.8805859e+00  -6.0187014e-01   1.1468670e+00  -1.4198897e+00   1.2225567e+00   1.8913366e+00   1.8026109e+00  -1.3216212e+00   2.4156980e-01
   1.0000000e+00  -2.8475891e-01   2.8242492e-01  -1.4688713e+00   1.3543106e-01   8.1246602e-01   7.8634361e-01  -7.6011670e-01  -1.8764717e-01   1.9932097e+00   1.6041091e-01
   2.0000000e+00  -5.8657644e-01   9.8812422e-01   6.6295696e-01  -2.6640200e-01   5.9541433e-01  -1.5176001e+00   4.2850924e-01  -1.7957670e+00   9.4199222e-01  -2.4551688e-01
   2.0000000e+00  -5.7600308e-01  -8.3275460e-01   3.9960365e-01  -2.2567149e-01  -7.0419251e-01  -9.1755153e-02  -1.2699292e+00   1.6553369e+00   1.3370382e+00   1.5354675e+00
   2.0000000e+00  -3.9619754e-01  -1.0123996e+00  -9.1530513e-01  -8.8586632e-01   8.8750178e-01  -2.5868651e-01  -8.6801106e-01  -1.3970217e+00  -8.4398823e-01  -2.1777912e-02
   2.0000000e+00   1.3983674e+00  -5.4918736e-01   1.1379341e+00   1.1506689e+00   1.5168893e+00   1.4880536e+00   8.9568099e-01   1.6173327e+00  -9.1463610e-01  -5.4669244e-02
   2.0000000e+00  -1.1535179e+00   1.0387533e-01  -6.3448053e-01  -1.7194098e+00  -8.6524701e-01  -2.0008810e+00  -5.5530927e-01   1.6254461e+00   8.1118628e-01   1.8385883e+00
   1.0000000e+00   7.2078849e-01   3.1188418e-01  -9.0686671e-02   6.9885710e-01   2.6256196e-02   1.2382670e+00  -3.2044702e-01  -3.3023540e-01   1.9306430e-01  -5.7587993e-01
   1.0000000e+00  -1.0911314e-01  -1.1586537e+00  -2.8034559e-01   5.5340042e-01  -1.4781611e+00  -2.0185024e-01  -5.8559319e-01   2.8255172e-01   3.1637197e-01  -4.5176098e-01
   2.0000000e+00   1.4927060e+00  -5.2335413e-01   3.4604748e-01   2.7355881e-01   9.5090936e-01   5.2342523e-01   1.1220901e+00  -1.4655029e-01   1.2869371e+00   9.9760392e-01
   2.0000000e+00  -1.3641889e+00   2.2032638e+00   1.2456937e+00   7.0171505e-01   1.8429670e+00   9.4523400e-01  -1.7732539e+00  -1.3285003e+00   1.8447184e-02   7.0147285e-01
   2.0000000e+00   3.1004461e-01   5.3945175e-01   3.1411280e-01  -1.7485661e+00   1.9200279e+00   2.0098907e+00   2.2240523e-01   1.0090706e+00   1.4380864e+00   8.1227498e-01
   2.0000000e+00  -1.0257705e+00   9.1137976e-01   2.7313143e-01   7.4878324e-01   5.6632301e-01   1.5394003e+00  -6.7057828e-01  -1.4580221e+00   6.8148497e-01   2.7580397e-01
   2.0000000e+00  -5.3053163e-01  -1.3414301e+00   1.3997998e-01  -5.3690622e-01  -4.7806582e-01   1.6617534e+00   4.8870743e-01   7.0339064e-01   5.2528586e-01   2.4503083e+00
   2.0000000e+00  -3.2175729e-02  -7.3977728e-02  -7.7229811e-01   7.6333666e-01  -2.7141481e+00   1.9427129e+00  -1.6282132e+00   4.4017634e-01   5.0115135e-01  -6.7552116e-01
   2.0000000e+00  -4.9638481e-01  -1.5599107e+00  -2.6205986e-01  -2.3776326e+00  -2.5429846e-01  -8.2798504e-02   1.7977498e+00  -3.2966243e-01  -6.9086093e-01   9.0989512e-01
   1.0000000e+00   3.6468780e-01  -8.0636834e-02  -1.2131218e+00   5.5053465e-01   7.5105166e-01   5.4354359e-01  -4.0931909e-01   1.6175113e-01   1.5860358e+00  -2.9565542e-01
   2.0000000e+00   1.5897950e-02   1.8864308e-01   9.8636413e-01  -2.1583917e+00  -3.6450771e-01  -3.6706693e-01   2.0393564e+00   8.6298358e-01   9.8139823e-01  -9.5304915e-01
   2.0000000e+00   3.2412030e-01   1.4342764e+00  -2.0226909e-01  -3.0594663e-01  -8.1517567e-01   7.3647700e-01  -6.7218651e-01  -4.4439580e-01   6.5124621e-01  -7.2077218e-01
   2.0000000e+00  -1.4547700e+00  -3.0203874e-01  -1.2536417e+00   8.5251231e-01   1.2493317e+00  -5.8085818e-01  -9.4939323e-01  -8.4478094e-02  -7.4387907e-01   2.2457136e+00
   1.0000000e+00  -3.5290736e-01   8.5660921e-01   7.2813550e-01   7.5612700e-01  -8.8158612e-01  -6.6010780e-01   3.0121739e-01   4.9456276e-03  -1.6633010e+00  -3.7216632e-01
   2.0000000e+00  -5.2306452e-01  -8.8375070e-01   2.8957204e-01  -4.7312948e-01  -1.3252865e+00   1.8241202e+00  -1.0024821e+00  -1.5611805e+00  -3.5335876e-01   8.7768616e-01
   1.0000000e+00  -3.4149325e-02  -1.4915693e+00   5.6447364e-01   6.1894876e-01  -5.7664328e-01   1.2680108e+00   3.0254009e-01   1.7907371e-01   4.4141239e-01  -8.0430408e-01
   2.0000000e+00  -6.5643470e-02   1.3451119e+00   1.3921632e-01  -6.3352464e-01   1.2440735e+00   1.7800183e+00   4.4207997e-01  -1.0411275e-01  -3.7820230e-01   5.5969255e-01
   2.0000000e+00   8.1058294e-01   5.5122334e-01  -1.0281891e+00  -1.2955819e-01   9.5140780e-01  -4.9737307e-01   4.2357211e-01  -8.7848010e-01  -9.3043502e-01   3.0950056e-01
   1.0000000e+00   1.2088486e-01   9.6704626e-01  -1.5531114e+00   4.8770605e-01  -9.3490063e-01   1.3449144e+00   9.9369894e-02  -1.5027707e+00   1.0704212e+00   3.9924170e-01
   1.0000000e+00   1.2129530e+00   3.0429978e-01  -4.5085213e-01   6.4611411e-01  -1.5269609e+00   8.4475559e-02  -4.3894103e-02  -4.7142650e-01   2.3714014e+00   5.7923424e-01
   2.0000000e+00   1.1566373e+00  -1.4854828e+00   8.3559731e-01  -6.5658473e-01  -1.4868490e+00   1.5509070e-01  -7.5633161e-01   5.0987836e-01   1.5490471e+00  -8.9436814e-01
   2.0000000e+00  -1.4155012e+00   6.5657540e-01  -1.1525991e+00  -2.2491284e-01   1.9656704e+00   1.3112618e+00  -6.6223666e-01   1.6950649e-01  -1.4001539e-02  -1.0953072e+00
   2.0000000e+00  -1.1615593e+00   1.5526317e-02   4.4625878e-01  -1.7013338e+00   1.2772196e-01   2.8894401e-02   1.6192490e+00  -1.0828459e+00   1.1225363e+00   4.3004402e-01
   2.0000000e+00  -8.1653338e-01   2.4070204e-01   7.7125373e-01  -1.4275159e-01  -1.1743208e+00  -3.8565705e-02  -2.1096647e+00   6.2274660e-01   1.5726146e-01   4.4260962e-02
   2.0000000e+00   1.7467716e-01   1.0995304e-01   3.3647675e-01  -2.8514693e-01   8.6641695e-01  -4.6287000e-01  -9.8318962e-01  -8.7689628e-02   1.4043248e+00   3.1784978e-01
   2.0000000e+00  -1.2087386e+00  -1.1590480e+00   1.0639367e+00   1.3918527e+00   5.2057095e-01   4.1418909e-01   3.0879437e-01   1.1731246e+00  -6.9789336e-01   1.3968252e+00
   1.0000000e+00   2.3477527e-01   8.0575964e-01   5.6911738e-01   1.2347745e-01  -1.1891898e+00   2.1047240e+00   4.4761009e-01  -8.2612812e-01   5.3573164e-01  -4.0086900e-01
   1.0000000e+00   3.8997318e-01  -6.5925452e-01  -9.0667906e-02   4.9917519e-01   4.8930663e-02  -2.6189662e-01  -5.0282087e-01  -3.3874968e-01   9.8980498e-01  -2.2570280e-01
   1.0000000e+00  -1.4774352e-01  -1.2342606e-01  -1.1574726e+00   7.0321167e-02  -5.1118305e-01   8.5998523e-01   2.8432057e-01   8.2882066e-01   3.8743931e-01   1.0489307e+00
   1.0000000e+00  -4.2066430e-01  -1.1571008e+00  -2.2743554e+00   2.2521319e-01   4.7892506e-01   3.1083741e-01  -2.8004970e-01   1.6588111e+00  -1.2883754e+00  -5.8623512e-01
   2.0000000e+00   1.6521402e+00  -7.7237849e-01  -8.5913578e-02  -6.0047749e-01   2.8146523e+00  -8.9566058e-02   9.2673667e-01  -1.2444700e-01   1.3851368e+00   4.2220867e-01
   1.0000000e+00  -2.7746574e-01  -2.5837237e+00  -1.1649330e+00   4.7486797e-01   8.3335507e-01  -5.7281652e-01   4.0314164e-01  -6.6367309e-01  -2.5078605e-01   5.2977426e-01
   2.0000000e+00   7.0645617e-01   4.3107663e-01   4.2024203e-01  -3.9932759e-01   8.8713815e-01  -4.4986714e-01  -5.0968033e-01   9.5141939e-01  -6.1524317e-01  -1.2505297e+00
   2.0000000e+00  -5.4339589e-01  -3.0709034e-01   1.2841584e+00   3.2372317e-01   6.1348585e-02  -2.2995788e+00  -2.2642375e+00  -1.2555742e+00  -8.0011416e-02   2.9383366e-01
   2.0000000e+00   1.2082884e+00   4.2161092e-01  -1.7113572e-01   1.5973715e+00  -5.8919592e-01  -4.0314503e-01   4.1355499e-01  -5.9869536e-01  -5.1193688e-01   1.7118398e+00
   2.0000000e+00  -1.9097652e+00  -1.1107038e+00  -1.1896973e+00   5.8198574e-01  -9.2744425e-01  -8.0427509e-01   2.0571560e+00   2.1923530e+00   2.5128608e-01  -1.6202613e+00
   1.0000000e+00  -5.1081862e-01  -5.3259484e-01  -1.7137786e+00   4.3553655e-01  -1.8497824e+00   1.5834042e+00   4.9748668e-01  -1.2373927e+00   1.3413209e+00  -7.1262305e-01
   2.0000000e+00   3.4816617e-03  -9.4500064e-01  -2.6613677e-02  -7.6371833e-01  -1.5923151e-01  -6.8376976e-01  -2.9926511e-01   9.7592797e-01   1.1483816e+00  -1.1995106e+00
   2.0000000e+00  -1.9926997e+00  -6.3071345e-01  -2.9369124e-01   1.3463441e+00  -1.8367856e+00   3.8619290e-01   1.6405860e+00  -1.6192230e+00   8.4346570e-01  -2.9295106e-01
   2.0000000e+00   3.0917599e+00  -5.0441518e-02   8.2464159e-01  -6.1698885e-02   4.4333340e-01  -3.6198174e-01   1.3470660e-01   7.2953811e-01   5.3316086e-02  -1.3578369e+00
   2.0000000e+00  -2.2016886e-01   1.4147013e-01  -3.1551733e-01  -8.0482456e-01   8.3858767e-01   2.9834598e-01   1.7244320e+00   1.6389539e-01   2.5608789e-02  -9.2657073e-02
   2.0000000e+00   2.2166575e+00   1.8729736e-01   7.4664677e-01  -6.7920147e-01  -6.9879537e-01  -1.0925954e+00   2.7930877e-01  -8.0114468e-01   1.0316055e-01   3.2362502e-01
   2.0000000e+00   6.5277367e-01   1.5025811e+00   4.0548736e-01   1.0339284e+00  -3.5202921e-01  -7.2862597e-01   6.7834546e-01  -4.5960624e-01   2.0520973e+00  -1.8880296e-01
   2.0000000e+00  -1.0454352e-01   1.1367431e+00   1.2687173e+00   1.0119165e+00   8.3401848e-02  -3.0935043e-01   1.6533959e+00  -5.1942924e-01   1.5777538e+00   5.3379701e-02
   2.0000000e+00  -1.4800020e+00   2.3370393e-02   6.2800914e-01   1.1062546e+00   9.5669125e-01  -8.1998725e-01   7.7583508e-01  -2.5030424e-01  -1.6523360e+00  -1.1729319e+00
   2.0000000e+00  -5.3104887e-01   8.4812512e-03  -1.1279761e+00  -9.0462318e-01  -9.7894429e-01  -1.2400432e+00   2.4648785e+00  -3.8871859e-01  -5.2322456e-01   4.0769093e-01
   2.0000000e+00   2.3992267e-01   2.8883497e-01   2.7809677e-01  -7.0771267e-01   2.3899222e-01  -1.7313955e-01  -1.2257569e+00  -6.0920857e-01  -2.1691209e-01  -2.3633693e-01
   2.0000000e+00  -2.0283211e+00   1.7036628e-01  -1.8714320e+00  -2.9569394e-01  -3.9622816e-01   7.6727717e-01  -1.2600715e+00   1.6670751e+00   9.8547843e-01   1.3850085e+00
   2.0000000e+00  -5.6903430e-01   9.9057485e-01  -9.7611870e-01  -7.5420440e-01  -2.3174563e+00  -3.9793961e-01   1.2117764e+00  -6.6011944e-01   5.2946441e-01   3.7458798e-01
   2.0000000e+00   5.8412752e-01   1.3728730e+00  -5.7872350e-01  -5.1281547e-01  -1.8402277e+00  -9.3703566e-01  -4.8834850e-01   2.8832735e+00  -3.3841209e-01  -8.4458547e-01
   2.0000000e+00   7.8427429e-01   3.4910877e-01  -8.4403594e-01  -8.2846094e-01  -1.8327059e+00  -1.3228775e+00   5.3496026e-02   1.1313476e+00  -4.2107481e-01   9.7839570e-01
   2.0000000e+00  -1.2322690e-01   6.0722828e-01   3.0621201e-01  -5.5286083e-01   9.8175889e-02  -9.8208480e-01   9.7537082e-01   2.7994173e-01  -7.8600719e-01   1.2052251e+00
   1.0000000e+00  -1.2164306e+00  -2.1349446e-01  -1.1636825e+00   1.1048218e-01   1.1210496e+00   3.9219182e-02   2.9004801e-01   3.1091336e-01  -1.1608380e-01   2.5782927e-01
   1.0000000e+00  -1.3352948e+00  -2.1183191e+00   2.1846450e+00   1.8405630e-01  -1.0117519e+00  -7.3810536e-03  -7.4092727e-02  -2.6755850e-01   1.6589343e+00   1.1141339e-01
   2.0000000e+00   5.0546816e-02   1.1189371e-01   6.8477695e-01  -1.8623321e+00  -1.0030233e+00   7.8862198e-02   4.3615563e-01  -3.7407696e-02   1.4739677e+00  -1.0247008e-01
   2.0000000e+00   1.5375777e-01  -1.9676996e+00   8.8076843e-01  -4.9366179e-02   4.5925559e-01  -4.9853546e-02  -1.0046670e+00  -1.5243456e-02   1.6264353e-01  -1.9740380e+00
   2.0000000e+00   1.7869535e+00  -4.5174649e-01   1.1777287e+00  -6.6296302e-01   8.9960179e-01  -2.9625454e-01  -4.7852822e-02   1.0932872e+00   8.4808386e-01  -1.4543513e-01
   2.0000000e+00   4.5361960e-01   2.0276362e+00  -2.9704859e+00   1.0680430e-01  -3.1429443e-01   6.8438896e-01   1.2518648e+00  -1.7989563e-01   9.0540967e-01   4.7793307e-01
   2.0000000e+00   3.7652099e-02   1.0928054e+00  -4.8086472e-01   8.8081172e-01   2.3008082e-01  -1.3506116e-01   3.4213234e-01   4.1246750e-01  -8.4208961e-01  -4.0472739e-01
   2.0000000e+00   1.0660553e-01  -1.3185988e+00   2.9511988e-02   3.6387817e-01   2.7238322e-02   1.3597709e-01   2.6875762e+00   5.3486339e-01  -8.7972620e-01  -7.1933415e-01
   2.0000000e+00  -2.5307328e-01  -4.3261643e-01   6.0309349e-01  -1.4219828e+00  -9.9954404e-01  -3.3567882e-01   1.2111772e+00   3.8490454e-02  -1.1275342e+00  -1.2324964e+00
   2.0000000e+00  -6.2867648e-01  -1.4972181e-01   1.8846710e+00  -5.8395298e-01  -2.2200604e-01  -8.4009692e-02   1.7475790e+00  -2.1175357e-01   7.7690719e-01  -1.2633970e+00
   2.0000000e+00   9.4003083e-01  -1.0956237e+00   3.6459000e-01  -1.7048535e+00  -5.4650639e-02  -2.6396886e-01   2.2246267e-01   7.1524122e-01  -3.3333167e-01  -1.1019055e+00
   2.0000000e+00  -1.8037017e-01   4.1640842e-02   1.2371089e-01  -2.9135360e-02   1.2558470e+00  -1.3453765e+00  -1.2287153e+00  -2.7605107e-01   5.9597129e-01  -7.8319474e-01
   2.0000000e+00   2.5607513e-01   1.9693276e-01   1.3082377e+00  -1.0372439e+00   5.0033510e-01  -7.6219486e-01  -6.7038630e-01  -5.6103605e-01   1.7782715e+00   3.2454795e-01
   2.0000000e+00   3.3354262e-01  -6.2108406e-01   2.6734098e-01   1.2157545e-01  -1.6798168e-01  -1.1609234e+00   1.5172312e+00   7.3962999e-01   1.1745325e+00   2.0926287e+00
   2.0000000e+00  -8.7675397e-01  -3.3913386e-01  -2.2438725e-01  -6.5768269e-01  -1.0401523e+00  -9.7797519e-02  -9.9958983e-01  -1.3414699e+00  -4.4472550e-01   1.3661830e+00
   2.0000000e+00  -1.0184684e+00   4.7108497e-01  -9.6863583e-01  -2.9112643e-01   4.3825760e-01   1.5064335e-01   8.9277006e-01  -3.5264551e-01  -1.5367450e+00   1.4378730e+00
