   1.0000000e+00   7.9182003e-01   8.1106840e-01   8.5945492e-02   3.4852828e-01   1.2111163e+00   1.0830034e+00  -3.3308061e-01  -3.1299798e+00   1.9648977e-01   1.1170804e+00
   2.0000000e+00  -9.7973197e-01  -1.5060274e+00   4.1183618e-01   5.4091865e-01  -1.3415740e+00  -1.2067161e+00  -7.3575019e-01  -8.2761623e-01  -1.8173779e-01  -1.1534094e+00
   2.0000000e+00  -6.9602227e-01  -3.3213145e-01  -6.9907672e-01  -1.1165026e-01  -3.3882578e-01   5.0199941e-01   1.4076150e+00  -5.6553181e-01  -4.3675093e-01   2.6611629e-01
   2.0000000e+00  -1.7597635e+00  -6.9578920e-01   3.9917809e-01   4.2050553e-01   7.4644142e-01  -4.6914000e-01  -3.5243391e-01   1.1357294e+00  -1.4601218e-01   4.1444839e-01
   2.0000000e+00   2.2910753e-01   6.1512810e-01   1.6941246e+00   1.0639057e+00   6.8930181e-01   4.4647058e-01  -2.3761953e+00   2.9531862e-01  -1.9499603e+00  -5.7111521e-01
   2.0000000e+00  -3.7131512e-01   3.3369035e-01   1.6308717e+00  -1.5244230e+00  -1.1202659e+00   2.8975366e-01   5.4582708e-01   6.0575578e-01  -3.3840809e-01  -1.1762785e-01
   1.0000000e+00   6.0291452e-01  -6.2482974e-01  -4.1972521e-01  -2.3032014e-01   1.4770306e-01  -3.8004062e-01  -6.9506351e-02  -2.7564963e-01   8.0800369e-01  -1.1525575e+00
   2.0000000e+00  -3.7015347e-01  -4.6816700e-02   2.3055172e-01   1.3250305e-01  -2.1935269e-01   1.0202643e+00  -9.8034807e-01   1.7118667e+00  -1.2679217e+00  -1.1549985e-01
   2.0000000e+00  -2.7473332e-01   9.4032180e-01  -2.4685431e-01   6.2727842e-01  -6.8690349e-01   7.5840983e-01   4.7018488e-01   1.3123784e+00   1.2576494e+00   1.2967227e+00
   2.0000000e+00   7.7054085e-01  -4.4990902e-01   2.6855026e-01  -1.2332307e+00  -4.5132368e-02  -5.5922454e-01  -1.9704225e-01  -3.4229363e-01   4.9943165e-01  -1.1367997e+00
   2.0000000e+00   1.3446069e+00  -5.9170116e-01   7.6696608e-01  -8.0790743e-03   5.5780986e-01   1.2448628e+00  -1.7061469e+00   7.3460176e-01  -2.7027767e-01   1.7399882e+00
   2.0000000e+00   8.6019396e-01   8.9592625e-01   6.4735780e-02  -1.1457798e+00   1.7309866e+00  -1.3886451e+00  -2.8294606e-01  -1.1333518e-01   2.1711187e-01  -5.0802419e-01
   2.0000000e+00  -6.1336140e-01   2.0708005e-01  -2.9181118e-01   7.2940509e-01  -7.1026520e-01   1.3000654e+00  -3.2959132e-01  -1.2564782e+00   3.0028522e-01   1.0022237e+00
   2.0000000e+00   4.5394630e-01  -7.7708424e-01   1.6049941e+00  -1.1105833e+00   4.7254780e-01   8.1127349e-01  -3.1298860e-01  -8.1125880e-01   1.3523252e+00  -1.4733708e+00
   2.0000000e+00  -3.7469076e-01  -1.3125313e+00  -1.5222029e+00   7.7839920e-01  -3.0539457e-01   1.4077565e+00  -9.2511256e-01  -6.9820854e-01  -1.1097198e+00  -4.4659007e-01
   2.0000000e+00  -4.5844225e-01  -5.7298864e-02  -9.9710603e-01  -6.2656814e-01  -1.7230618e+00  -1.8147282e-01   7.1807224e-01   4.8131249e-01  -5.3851394e-01  -1.9900656e-01
   2.0000000e+00  -5.4632189e-01   6.6370175e-01   1.9979318e-01  -4.0468500e-01  -1.0738022e+00   9.1667780e-02   2.5120775e-01  -3.2177627e-01  -6.5189864e-02  -1.6624374e-01
   2.0000000e+00  -2.5123664e-01  -2.4294773e-01   9.8468977e-01  -5.5362807e-01   3.4748994e-02  -4.5943854e-01  -5.5396764e-01  -2.2832239e+00  -6.9120916e-01  -2.1628910e+00
   2.0000000e+00   1.3089081e+00   4.2785540e-01  -3.8297335e-01   8.4109414e-02   2.2521561e-01   3.2826994e-01   8.1834012e-01   1.5202866e-01   3.3223547e-01   6.1814823e-02
   2.0000000e+00  -3.7004857e-01   1.7449886e+00  -2.1897100e-02  -4.9149022e-01   1.0521610e+00   1.9286511e+00  -4.9806232e-01   1.6115534e-01   1.1911487e-01   1.9924880e+00
   2.0000000e+00  -3.7000350e-01  -1.3530389e+00  -9.0678419e-01  -5.2906321e-01   9.2582379e-01  -1.5298114e+00  -6.3672650e-01   1.8837946e-01   2.3347827e+00   7.1428982e-01
   2.0000000e+00   8.0477554e-01  -1.3215825e+00  -7.5416287e-01   7.9022080e-01  -6.8659234e-01   8.9868221e-02   3.1235707e-01  -6.2185550e-02  -3.5445971e-02   1.6514858e+00
   2.0000000e+00   9.1111575e-01   1.1852483e+00   3.9560175e-01  -9.5459637e-01  -5.2269291e-01  -2.2177611e-01  -2.2213694e+00   1.5729433e+00  -9.6196947e-02  -1.7045351e-01
   2.0000000e+00  -1.9497374e-01   1.8216128e-01   6.4463075e-01   1.0381679e+00  -4.0460429e-01  -1.9485314e-01  -8.3867459e-01  -9.2171728e-01   2.8393449e-01  -9.0224490e-01
   2.0000000e+00  -1.6032669e-01   6.2222421e-01  -2.4183617e-01   1.0151335e+00  -3.3772675e-01  -1.3787739e-01  -1.3011956e+00  -7.2660372e-01   7.4254408e-01  -4.4489042e-01
   2.0000000e+00   1.1484318e+00   1.2541649e+00   6.1127351e-03  -5.1952878e-02  -4.4403726e-02   9.4900176e-01  -1.7362531e-01  -8.1438928e-01   1.1907062e+00  -9.0124220e-01
   1.0000000e+00   5.3471784e-01   3.7743777e-01   6.7872578e-01   4.7932614e-01  -3.5403145e-03  -9.7203604e-01   4.6448688e-01   4.4488396e-01  -8.2151146e-01  -6.0568813e-01
   2.0000000e+00  -1.6882559e-01  -9.8422997e-01   8.5984227e-01   4.4962337e-01  -3.2034994e-01   2.2813418e-01  -4.4546775e-01  -6.5599110e-01   8.1854639e-01  -2.1359339e+00
   2.0000000e+00  -3.4694031e-01  -5.7008500e-01   8.5930715e-02  -1.1829670e+00  -4.2095953e-01  -3.0020316e-01  -1.5937957e+00   1.1141064e+00   2.9026268e-01   7.2151485e-01
   2.0000000e+00   1.3109640e+00   9.6375891e-01   4.0838823e-01   2.5097811e+00   9.3720980e-01  -3.8193154e-01   1.2975068e-01   1.0124120e+00  -8.4462967e-01   2.2418392e+00
   2.0000000e+00  -2.5030446e-01  -1.3541641e+00  -1.3888759e+00   1.1173909e+00   1.4952181e-02   2.0197133e-01   1.5204565e-01  -1.2113860e-02   1.0458733e+00  -2.3147468e-01
   2.0000000e+00  -2.5198229e+00  -3.4091047e-02  -1.3056332e+00   3.2668338e-01   9.7892020e-01  -2.1284206e-01  -8.4488990e-01   1.2953498e+00   4.8676074e-01  -2.3256381e-01
   2.0000000e+00   6.3607680e-01   5.8350298e-01  -5.0866122e-02  -2.7334363e+00   5.8014774e-02  -1.6014456e+00  -1.4103872e+00   1.1888767e+00   2.0291706e+00   9.1653178e-01
   2.0000000e+00  -7.4093790e-01   5.6788834e-01   8.5390546e-01  -1.1021306e+00  -9.8849457e-01   3.7566086e-01   1.1454734e+00   2.7640944e-01   1.0610498e+00  -1.0261573e-01
   2.0000000e+00  -1.2141203e+00  -5.0540321e-01   2.0105055e+00  -1.2664933e+00   8.3218178e-01  -2.7082396e+00  -6.4143926e-01   3.3484856e-01  -6.9702851e-01   2.0803422e-01
   2.0000000e+00  -8.8514236e-01   2.0788156e-01  -6.7914908e-01   1.5056015e-01  -1.4497977e+00  -9.4219984e-01   5.9676933e-02   1.6188121e+00   5.9825648e-01  -1.0622079e+00
   2.0000000e+00  -1.2569074e+00   1.2180967e-01   4.4971478e-01   1.0055094e+00   2.1331630e+00  -7.2529076e-02  -2.8873904e-01   2.5460230e+00  -1.1008713e-01  -3.8966662e-01
   2.0000000e+00   8.3908109e-01  -8.5574900e-01   2.9028101e-02  -1.0403404e+00  -8.6789123e-01  -1.2211678e+00   1.1830015e-01   4.2238649e-01  -9.1193689e-01  -7.9403835e-01
   2.0000000e+00  -3.0095489e-01  -2.0972931e+00   9.9485106e-01  -2.8964626e-01   5.7047551e-01  -4.2753165e-01   3.8781948e-01  -8.8360585e-01   8.6100987e-01  -1.4750764e+00
   2.0000000e+00  -2.5433961e+00   1.5929254e-01   1.5555171e-01   2.0253819e-01   6.5394457e-02   2.3034039e-01  -4.8640375e-01  -1.6790583e+00   1.3485517e-01   1.4549777e+00
   2.0000000e+00   1.9434924e+00  -7.0518066e-01   2.0107153e+00  -5.9781845e-01   6.5380005e-01  -3.5237884e-01  -1.0972770e+00  -2.7862773e-01   1.5961714e+00   9.0593111e-01
   2.0000000e+00  -3.4415201e-01   9.7009027e-01   1.0025114e+00  -4.8624095e-01  -9.4173957e-03  -8.1049450e-01   3.8743460e-01  -4.6978946e-01  -1.0223162e+00  -2.2178723e+00
   2.0000000e+00  -4.6263866e-01  -7.8721954e-01  -3.2030679e-01   3.2613790e-01  -8.3044423e-01   5.8651690e-02   1.8713976e+00   2.5165418e-01  -9.4020338e-01  -2.0029315e-01
   1.0000000e+00   5.2250808e-01   5.9066252e-02  -2.2216384e-01   4.8625556e-01  -2.2558893e-01  -3.8964135e-01  -3.3873466e-01  -4.4870749e-01   3.7721554e-01  -1.2523436e+00
   2.0000000e+00   6.7828871e-01   4.3733620e-01  -5.7764584e-01   2.7793840e+00  -6.5004805e-01   5.3177103e-01  -4.8096674e-01  -8.2142516e-01  -1.2477591e-01  -8.4595361e-02
   2.0000000e+00   5.4047696e-01   4.3994141e-01  -3.1940515e-02   1.1897953e+00  -6.0716378e-01  -5.8001729e-01   6.2405445e-01   1.2852260e-03  -9.9369936e-01  -2.8192003e-02
   2.0000000e+00  -1.4750055e+00   9.1071777e-01   1.1866649e+00   1.1649989e+00   2.5386494e-01  -1.7518928e-01   4.1846278e-01  -1.3118354e-01   1.3509381e+00   1.6296278e+00
   2.0000000e+00   7.9590978e-01   4.6998812e-02  -9.3370596e-01   4.4650669e-01   6.5768637e-01  -1.7482480e-01  -1.9701059e+00  -9.7886329e-01   1.7094550e-01  -8.8564698e-01
   2.0000000e+00  -8.5583101e-01   1.7546886e+00   1.0026142e+00   1.3658807e+00   3.6514624e-01  -6.0059223e-01   1.9717895e-01   9.3051801e-01   2.1533519e-01   3.7223927e-01
   2.0000000e+00   6.4751831e-01  -1.1270434e+00   7.7139906e-01  -1.3594466e+00  -1.7522112e+00   7.3556949e-02  -5.5089836e-01   8.7588255e-02  -1.3835173e+00   8.1537333e-01
   2.0000000e+00   1.1727288e+00   1.9396939e+00  -7.8595223e-01   5.8941885e-01  -1.6155337e+00  -2.0882736e+00  -2.6049193e-01  -3.8671982e-01  -4.5641649e-01   1.2826011e-01
   2.0000000e+00   1.5859577e+00   7.0815115e-01   8.4609274e-01   4.4531903e-01  -1.1949566e+00   2.9043548e-01  -6.8048901e-01  -8.0393420e-01   2.3290559e-01  -5.8690284e-01
   2.0000000e+00   8.4262637e-01  -1.3381019e+00   8.5664931e-01  -6.5234877e-01   7.7729142e-01   1.3434908e+00   2.6936436e-01  -2.7287713e-01   2.2809694e+00   4.0297269e-01
   2.0000000e+00   1.2383977e+00   3.5164442e-01   1.8872317e+00   6.4957139e-01   1.9625925e+00   8.1342720e-01  -1.5489124e+00  -8.1808326e-02  -1.3219270e+00   1.1605196e+00
   2.0000000e+00   1.2557266e-01   6.0435235e-01  -5.4336133e-01   9.6832610e-01   6.3823188e-01   1.1558636e+00   3.0655049e-01  -2.0829309e-01  -8.6404203e-01  -9.5144607e-01
   2.0000000e+00   1.4460705e+00  -6.4777746e-01  -1.4956454e+00  -5.2765135e-01  -2.5015596e-01  -1.4396144e-01   9.8470625e-02  -7.9112270e-01  -1.2798373e-01   2.0984339e-01
   2.0000000e+00  -1.1443153e+00  -1.4626311e+00  -1.0737404e+00   1.8701859e+00  -3.7134055e-01  -1.6724941e+00   5.8829886e-01   5.7089468e-01  -9.8576131e-02   1.2421490e+00
   2.0000000e+00  -1.0499197e+00   5.3180077e-01   5.4137004e-01   2.0082397e-01  -9.8912166e-01  -6.5027962e-02  -2.8836612e-01  -6.6184448e-01   1.4216624e-01  -1.4298422e+00
   2.0000000e+00   5.7728919e-01  -1.6275303e+00   1.0775768e+00  -5.2265490e-01  -2.3200171e+00   7.9440572e-01   1.2171237e+00  -6.7957100e-01  -1.6249205e+00  -3.1215988e-01
   2.0000000e+00  -1.9128137e+00  -5.0468384e-01   1.7684228e+00   2.8786735e-01  -5.9860139e-01  -7.1554987e-01  -4.8390216e-01   1.6086847e-01   2.0009039e+00   4.7482254e-01
   2.0000000e+00   4.4923080e-01   2.2144311e+00  -1.2543327e+00  -1.3916552e+00   1.3538111e+00   2.6578177e+00  -1.3675235e+00   2.5490547e-01  -1.0108361e+00   2.0253058e-01
   2.0000000e+00   1.4942868e+00  -4.3751629e-01   1.1015631e+00  -6.3157279e-01   8.3365782e-01   2.2872144e-01   7.1840374e-01   1.5393157e+00   1.4905083e+00  -5.8232390e-01
   2.0000000e+00  -5.0038833e-01   1.1891621e-01   8.8419905e-01  -3.6041468e-01   1.5352023e+00  -1.4443052e+00  -4.1373293e-01  -5.8615874e-02  -7.9714542e-02  -9.0520462e-01
   2.0000000e+00   2.1495467e-01   1.2538815e+00  -5.0981139e-01   5.5451874e-01   2.1405973e+00  -6.4390883e-01  -2.5805347e+00  -9.8584672e-02   2.1451028e+00  -5.0012656e-01
   2.0000000e+00  -2.8118550e-01  -1.9757560e-01  -8.8760004e-02  -8.6019974e-01   7.5640980e-01  -1.1891487e+00   1.3455126e+00   1.3236399e-03  -1.7546271e+00   1.7143168e+00
   2.0000000e+00  -4.5958218e-01  -2.3877143e-01   2.4056132e+00   1.0258547e-01  -1.5198433e+00   8.4999964e-01  -4.8419219e-01   1.3358702e+00  -8.5599464e-01  -1.3126194e-01
   2.0000000e+00   6.1036783e-01   6.2660998e-01  -7.3689971e-01  -1.5975946e+00  -1.6468231e+00  -6.3530605e-01  -1.2992096e+00  -5.4848709e-01  -1.0733091e+00  -1.4556842e+00
   2.0000000e+00   6.0193561e-01  -5.2701034e-01   5.7170380e-01   1.2775733e+00   1.7466372e+00   3.0869159e-01   1.2120122e+00   9.6018914e-01  -2.5619751e-01   1.8349478e-01
   2.0000000e+00  -4.7999632e-01  -7.3274604e-01  -4.5407998e-01   1.1450525e+00   6.5612110e-01  -1.8550060e+00  -1.1539995e+00   9.7838466e-01  -5.7488883e-02   1.5547914e+00
   2.0000000e+00  -1.9700830e-01  -1.7626747e-01  -5.9255460e-01   6.4729036e-01   8.0773840e-01  -4.8269919e-01  -5.9269441e-01  -2.2003750e+00   1.3127196e+00   6.8635553e-01
   2.0000000e+00  -9.3773942e-01   1.6363269e+00   1.8082570e+00  -1.0920477e+00   1.1380554e+00  -5.0015092e-01   1.5208403e+00  -6.2907994e-01   1.8931405e-01   2.8843661e-01
   2.0000000e+00  -3.9806811e-01   2.2512066e+00   5.7394011e-02   1.3994806e+00   1.1920639e-01  -1.5652301e+00  -2.5703282e-01   1.0012431e+00  -5.8164100e-02  -3.1190438e-01
   2.0000000e+00  -8.1237221e-03  -1.1045531e+00   3.7062150e-01  -5.1641987e-02   9.9034106e-01   3.7713243e-01   1.4346496e-01   2.1019263e+00   5.0302088e-02  -8.5808655e-01
   2.0000000e+00   6.6776052e-01  -1.0636253e+00  -9.4603120e-01  -1.2626255e+00   1.2249930e+00   1.1901635e+00  -3.8448025e-01  -2.6094705e-01  -1.7423354e+00   1.6321035e+00
   2.0000000e+00  -1.9136625e+00   3.9155992e-02   3.4803978e-01   3.8448330e-01  -5.8871843e-01   1.8061457e+00  -1.7080003e+00   9.0866297e-01  -1.0672232e-01  -2.4199653e-01
   2.0000000e+00   1.9950931e+00   4.3223304e-01  -1.4196437e+00   1.3304864e+00  -9.5244477e-01   3.7267662e-01  -1.0005859e+00   1.2446334e+00   1.7008383e+00  -5.5984135e-01
   2.0000000e+00   1.6625104e+00  -1.6445469e-01  -1.3402553e+00  -5.1431952e-01  -2.8414236e-01   1.4660651e+00   1.7332842e+00   8.8591999e-01   5.1729934e-01   2.3201047e-01
   2.0000000e+00   9.1152978e-01   5.0181732e-01   1.8283964e-01   1.0331352e+00  -6.4753517e-01  -9.7670218e-01  -1.8857420e-01   3.6021230e-02   2.9655866e+00  -1.3618955e-01
   2.0000000e+00  -4.2763757e-01   2.3405354e-01  -5.7627403e-01   5.4909560e-01  -6.4194894e-01  -1.7323829e+00   2.7202707e-01   4.8519714e-01   8.1070455e-01  -7.6294834e-01
   2.0000000e+00   7.3003901e-01   5.0316802e-01   9.2277516e-01  -1.8583421e+00  -2.6186246e+00  -7.1026798e-02   8.1282207e-01  -1.8493569e-01  -9.2011375e-01   1.0692234e+00
   2.0000000e+00   9.4497560e-01  -1.2754739e+00  -7.8182263e-01  -1.1877467e-01  -1.0096177e-02  -4.2392957e-01  -1.3418690e+00  -1.2956840e+00  -1.0128945e+00   2.4118363e-01
   2.0000000e+00   1.3183328e+00  -3.0050289e-01   1.0159249e+00   1.0389229e+00  -6.0458808e-01   3.4576818e-01  -1.3731229e-01  -1.2337404e+00   2.0915208e+00   9.4669846e-01
   2.0000000e+00  -3.5077568e-01   1.5508251e+00  -1.9394903e-01  -4.7650100e-01  -8.7854194e-01   1.1093503e+00  -9.5374867e-02  -1.0190164e+00   1.2213275e+00  -1.1856289e+00
   2.0000000e+00  -1.7029280e-01  -4.4513629e-01  -6.5717503e-01   1.0985256e+00   7.9418861e-01   4.2223543e-01   2.8932053e-01   2.3229123e+00  -1.5127011e+00   1.8178573e-01
   2.0000000e+00   2.0079115e+00  -5.9777905e-01  -3.7905705e-01  -1.6527127e+00  -5.5909866e-01  -3.1542976e+00   5.7918795e-01  -7.7696635e-02  -2.6086211e+00   1.0326861e+00
   2.0000000e+00   5.0067614e-01   5.1375081e-01   1.6921929e+00   2.0943513e+00  -7.6928726e-01   1.1798062e-01  -4.5684533e-01   1.0578545e+00  -1.0792003e+00  -5.0824073e-01
   2.0000000e+00  -1.6637642e+00   1.3432734e+00   7.1023531e-01   1.3119430e-01   6.3999380e-01   6.2439355e-01  -4.6463557e-01   5.7457751e-01   1.4960445e+00   1.4590322e+00
   1.0000000e+00   6.7459860e-01   4.0639070e-01   1.0986780e+00   1.9516563e-01  -5.6925872e-02   5.7656864e-02  -1.4454544e+00  -1.2607409e-01  -2.3750938e-01  -5.7022306e-01
   2.0000000e+00   5.7169195e-01   2.8204995e-01   1.4287700e+00   7.2948500e-01   5.3739543e-01   1.9404236e+00  -8.2725802e-01  -1.1191789e-01  -5.0541406e-01  -7.2072262e-01
   1.0000000e+00   7.7919956e-01  -5.6904503e-01   2.0625954e+00  -1.4062353e-01  -4.8110857e-02   1.1921843e-01   1.5564834e+00   6.3360204e-01   3.4028182e-01  -6.0291048e-01
   1.0000000e+00   2.3239647e-03   3.8202358e-01   1.1482068e+00  -6.7662755e-01  -1.7147631e+00   1.8494782e+00   4.8720967e-01   1.1963430e-01  -1.0927750e+00  -4.7278892e-01
   2.0000000e+00   7.8094920e-01   1.0883767e+00   3.5020280e-01   6.7039029e-01   4.0907648e-02   7.5256324e-01   6.1583711e-01  -2.7229206e-01   1.4049794e+00   9.3748707e-03
   2.0000000e+00   1.0763417e-01   1.7568788e+00  -3.6235595e-01   1.2624222e+00   4.0726737e-02   8.2492081e-01  -1.5466514e+00  -6.7583963e-01  -2.6877621e-01  -3.8545849e-01
   2.0000000e+00   1.1098208e+00  -3.6906937e-01   1.2165525e+00  -9.3892458e-01   9.5290592e-02   1.5571515e-01  -8.2881868e-01  -8.7958362e-01   1.8689992e-01   2.6971165e+00
   1.0000000e+00   3.1798336e-01  -6.9888479e-01  -1.4785478e+00   6.9645890e-01  -9.8068085e-02   1.3417718e+00  -1.3567284e+00   1.3259390e+00  -7.7301116e-01  -7.5459797e-01
   1.0000000e+00   2.4854271e-01   8.0799189e-01   8.4447596e-01   6.4148486e-01   4.6673100e-01  -1.2661175e-01   8.6105178e-01   4.1325115e-01   5.6903184e-01   3.5103355e-01
   1.0000000e+00   1.0382612e-01  -4.4408054e-01   1.2788281e+00  -1.2350610e-01  -3.9648346e-01  -6.9050764e-01  -4.4710756e-01   1.4721817e-01   1.1594499e+00   7.5849765e-01
   2.0000000e+00  -7.7693112e-01   4.2260948e-01  -1.8399168e-02   7.9073629e-01  -6.5851406e-01  -8.3090054e-01  -3.7166368e-02   1.7040095e+00  -9.6291312e-02  -1.1097270e+00
   2.0000000e+00   2.3189685e+00   5.2409035e-01  -4.0393849e-01  -1.1018661e-01  -1.8376739e+00   5.4478521e-01  -1.9223947e-02  -1.0115561e+00  -1.6077230e+00  -1.4037031e+00
   2.0000000e+00   3.2926052e-01  -6.3768011e-01  -1.1340559e+00   9.4033420e-01   8.9231478e-01   4.9001173e-01  -1.2028226e+00   5.8621619e-01  -1.0321572e+00  -2.7841756e+00
   2.0000000e+00   3.1687687e-01   8.2366849e-02  -4.4457011e-01  -1.1113004e+00  -1.0690124e+00  -1.0265364e+00   4.9123881e-01   7.2552783e-01   2.7549354e-01  -4.3366956e-01
   2.0000000e+00  -3.3565031e-01   2.1931651e-01  -1.5390411e+00  -2.1901593e+00  -1.0685935e+00   6.1609535e-01  -2.2457961e-02  -1.2023424e+00  -3.1394031e-01   5.1607653e-01
   2.0000000e+00  -1.1983605e-02   1.6201244e+00   6.9358859e-02   1.1859210e-01  -9.5925378e-01   1.3531695e+00   3.2244257e-01   7.3261734e-01   1.3013997e+00   1.5674760e+00
   2.0000000e+00   6.0357928e-01  -6.7356253e-01  -8.2287328e-01  -3.8559587e-01  -1.9548837e+00   1.2660460e+00   1.1235140e+00   1.1600405e+00  -1.2821950e+00  -6.2414029e-01
   2.0000000e+00   4.6469824e-01   1.3718202e-01   9.0435089e-01  -1.0020643e+00   1.0317347e+00  -3.6700313e-01  -3.5595936e-01  -7.0266953e-01   7.6569305e-01   3.6127740e-02
   2.0000000e+00  -6.7625060e-01  -7.3550278e-01  -9.8870631e-01  -3.9975266e-01   1.8567637e-01  -9.3065462e-01   1.4094827e+00   1.2914496e-01   2.7611831e-01  -1.0479124e+00
   2.0000000e+00   2.4392435e-02  -4.4251494e-01  -2.2226850e-01   1.4079726e+00   1.0052509e+00  -1.1488796e+00  -2.4490161e+00  -6.1534802e-01   9.2131476e-01  -2.6444429e-01
   2.0000000e+00  -1.5831172e+00   1.3797890e+00   9.0457157e-01   9.6156409e-01   4.0116868e-01   8.4793394e-01   4.0233751e-01  -6.9280909e-01  -1.6399442e+00   4.9693543e-01
   2.0000000e+00  -1.0665473e+00   1.9803349e-01  -5.9179686e-01   1.4960292e+00   3.8532701e-01  -9.3337701e-02  -1.8301771e+00   5.7138292e-02  -8.8534020e-01  -9.6827327e-01
   2.0000000e+00  -3.1504338e-01  -1.4048583e+00  -6.0017102e-01  -9.5575991e-01  -2.0380657e+00  -6.2652160e-02  -1.1200488e+00   4.1497074e-01   9.6786170e-01  -9.7649208e-01
   2.0000000e+00   3.1159156e-01   8.8570999e-01   1.3293772e+00   1.3633508e+00  -3.8262652e-01  -8.6999371e-01  -2.1240503e+00  -5.8221601e-02  -8.4255184e-01  -2.1152252e+00
   2.0000000e+00   8.8053791e-01  -1.3671724e+00   4.2356841e-02  -1.4195546e+00   9.0773662e-01   4.1275042e-01   3.1706916e-01   2.2168694e+00   1.3452573e+00  -1.4621723e-01
   2.0000000e+00   2.0733319e+00  -7.3459085e-01   3.2649440e+00   5.1803378e-02  -2.7262738e+00   4.0635046e-02  -1.1209544e+00  -2.7815279e-01   9.1812381e-02   1.2160857e+00
   2.0000000e+00  -6.6445669e-01  -7.9015008e-01  -5.8622463e-02  -6.7616033e-01  -7.7590030e-01   3.3459858e-01  -2.5836226e-01   1.5771333e+00   9.5104999e-01  -1.7221162e+00
   2.0000000e+00  -2.5028305e+00  -5.2522866e-01  -3.8886195e-01   6.3817423e-01  -4.0979134e-01  -5.7782496e-02  -7.8685659e-02  -1.5533736e+00   1.6596111e+00   8.0385335e-01
   2.0000000e+00   1.5100619e+00  -1.1618610e+00   6.3947624e-01  -7.9053328e-01  -1.8258642e+00  -2.9404076e-01  -1.4803555e+00   1.2501410e+00   4.3987813e-01   8.8576603e-01
   2.0000000e+00   8.5398903e-01   6.2600361e-01   6.6820019e-01   1.2712947e+00   1.2576809e+00   1.1079894e+00  -5.9033847e-01  -8.6747879e-01  -9.9359656e-01  -2.2996518e-02
   2.0000000e+00   1.0949035e+00  -9.0898900e-01   4.1067935e-01   5.1624808e-01  -1.4463556e+00  -1.9115414e-01   2.0379675e+00  -4.7713619e-01  -9.7868730e-01  -1.0837407e-01
   2.0000000e+00   8.6910998e-01  -1.5388805e+00   1.9157442e-01   1.7876233e+00  -1.0562430e+00   1.1784543e-01  -1.3484654e+00   4.3855068e-01   1.0967049e+00   1.2182670e-01
   2.0000000e+00   1.1241515e+00  -1.9639708e+00   3.1228000e-01   1.5771535e+00  -4.2270707e-01  -7.7293684e-01   7.5120531e-01   7.7822290e-01   4.7782131e-01  -5.2820181e-01
   2.0000000e+00  -4.1810655e-01   6.6152452e-01   4.6220163e-01  -2.2769850e+00  -1.1784023e+00   1.2460466e+00  -6.5310149e-01   4.2282686e-01  -6.5289159e-01   2.6990380e-01
   2.0000000e+00  -4.3796690e-01   3.2076903e-01   7.4974255e-01  -7.1618224e-01  -1.3291450e+00   7.1798478e-01   9.2613468e-01   8.9368326e-01   2.2447508e-01   2.2144788e+00
   2.0000000e+00  -1.3372569e-01  -9.0709746e-01   6.4798625e-01  -7.2770043e-01   1.5983659e+00  -1.0518017e+00   5.9286030e-01   1.6430636e-02  -1.2437534e+00  -3.1341430e-02
   2.0000000e+00  -9.2622846e-01   3.3692289e-01   1.4770585e+00  -7.7225360e-01   3.5674433e-01   4.6580978e-02   9.2826669e-01  -2.9394317e-01   6.9190547e-01   4.1193242e-01
   2.0000000e+00  -1.5714849e-01   1.1680138e+00   2.1591861e-02   1.1827091e+00   1.0843391e+00  -1.5612897e+00   5.5661909e-01   1.2330300e-01  -1.4750602e+00  -3.2262357e-01
   2.0000000e+00   1.1162668e+00  -3.6120346e-01  -7.8796378e-01   5.7573624e-01  -6.6697693e-01  -2.9753262e-01  -1.5470674e+00  -8.1833968e-01  -1.5196088e+00   6.8140518e-01
   2.0000000e+00  -7.0539360e-02  -4.2093518e-01  -3.6878985e-01   1.7559987e-01   1.6267454e+00  -6.9863200e-01  -4.7127113e-01   5.5572976e-01   2.4260593e+00   2.4309502e+00
   1.0000000e+00   6.4876991e-01  -1.0416344e+00  -1.9486623e-01   2.3713701e-01   3.2758567e-01  -6.0199909e-01  -1.0497062e-01  -3.9717556e-01   1.1259068e+00   8.0591685e-01
   2.0000000e+00  -6.7206327e-02   1.0976097e+00  -1.5778299e+00   1.2040551e-01   1.3525226e+00  -1.7081226e+00   2.3120871e-01  -1.2022015e+00   2.1153548e+00  -1.2039573e+00
   2.0000000e+00  -1.0818553e+00  -1.1042133e+00  -3.7769576e-01  -6.6773693e-01  -8.2310534e-01  -4.8935932e-01  -4.3440920e-01   2.5160147e-01  -1.0605658e-01   1.3159065e-01
   2.0000000e+00   9.7258942e-01  -1.7556949e-01   8.3235913e-01   1.4794034e-01   4.0275491e-01  -8.3941637e-01  -6.8201796e-01  -4.1322966e-01  -3.0453648e-02  -7.1433337e-01
   2.0000000e+00  -4.8000364e-01  -8.5220210e-01  -6.8276576e-01  -1.0022078e+00  -1.4064234e-01  -1.1975730e+00  -5.1244741e-01   1.7822190e+00   1.3374017e+00  -3.3632964e-01
   2.0000000e+00  -1.0749772e+00  -3.4955157e-01   1.5200815e+00   1.2643511e-01  -7.0204837e-01   8.9338787e-01  -1.0325857e+00  -4.2628232e-01  -4.4029443e-01   1.7678213e+00
   2.0000000e+00  -1.0520953e+00  -1.4816736e+00   3.0956107e-01  -9.7667370e-01   1.2358783e+00  -1.0297767e+00  -2.8894287e-01   6.4294828e-01  -1.3109050e+00  -1.2518991e+00
   1.0000000e+00   5.2044692e-01   2.1164020e-01  -1.7521131e+00  -1.8906056e-01   8.5826421e-01  -5.7305392e-01  -2.4348255e+00   1.2795033e+00  -1.1694509e+00   1.5263429e+00
   2.0000000e+00  -1.0595428e+00   1.2180291e-01   5.4514164e-01  -7.5646421e-01   1.7149700e-01  -4.3363327e-01   7.9083031e-01  -2.0453129e+00  -9.3844761e-02   3.8626227e-01
   2.0000000e+00   1.1479562e+00  -1.7761349e+00  -1.6737023e-01   1.0437676e+00   9.0213531e-01   8.3998862e-02  -6.4424646e-01  -8.3928101e-01   1.0074047e+00  -3.9872105e-01
   2.0000000e+00  -1.3213699e-02   1.0863315e+00   6.3171661e-01  -1.1379323e+00  -9.3902400e-01   2.1387518e-01  -1.5011871e+00   3.0634119e-01  -2.7820413e-01   3.6736293e-01
   2.0000000e+00  -9.6246668e-02   1.1433518e+00  -1.1050276e+00  -5.1908021e-01  -3.9427299e-01  -5.4221298e-01   1.8681149e+00   9.9367952e-01  -2.2976313e-01   1.0703858e+00
   2.0000000e+00   4.7939709e-02  -1.4699807e+00   8.3734381e-01   1.1571223e+00   9.5075323e-02  -6.1454309e-01   5.0724908e-01   3.3216948e-01   6.5070761e-01   8.3462599e-01
   2.0000000e+00   8.5580135e-01  -2.0358938e+00   5.2534447e-02   7.5212248e-01  -3.2085716e-01   7.5856934e-01   1.4793153e+00  -1.5874705e+00  -1.9469817e+00  -3.3541334e-01
   2.0000000e+00  -9.4168290e-01   1.1032839e-01  -3.9787725e-02  -1.1581618e+00  -1.5019315e+00  -6.3581746e-01   9.0368257e-01   4.4088948e-01   9.5039743e-01   3.5628488e-01
   2.0000000e+00  -1.5985833e-02  -6.9455990e-01  -5.3378675e-01  -4.0283063e-01   6.0760882e-01   1.5765697e-01  -1.0257004e+00   1.4634751e+00   1.5676285e+00   4.1006296e-01
   2.0000000e+00   1.3454453e+00  -9.5553773e-02   1.0310837e+00   6.2912739e-02   8.4707012e-01   4.5304307e-01  -2.2908087e-01  -1.5446427e+00   2.6348943e-01  -9.0537415e-01
   1.0000000e+00   3.8430302e-01  -1.1537727e+00  -9.7447108e-01  -3.9993773e-01   3.4817954e-01   9.7929271e-01  -2.3756913e-01  -1.8711693e+00  -5.1955961e-01  -1.0020272e+00
   1.0000000e+00   5.9648953e-02   1.3086870e+00  -6.8094266e-01   1.7232393e-01  -2.0422393e-01   7.9761013e-01  -3.8966487e-02  -2.5417621e-01   2.2581499e+00   1.4012071e+00
   1.0000000e+00   1.4837291e-01   5.6241361e-01   2.6565865e-02  -3.0907109e-01   5.7838610e-01   4.9116371e-01   4.9064502e-01   1.9263691e+00   1.4998915e+00  -5.6884132e-01
   2.0000000e+00  -1.1092762e+00   1.1318310e+00   1.8990228e+00  -4.4605902e-01  -6.7320116e-01   9.1108706e-01   7.4716443e-01   8.9843357e-01   7.0357428e-01  -8.5267835e-01
   2.0000000e+00  -1.3158760e-01   3.0992842e-01  -6.0414851e-01   1.8366054e-01   9.1473755e-01   5.3502815e-01   1.3167919e-01   1.3988505e+00  -7.6587850e-03   4.3303972e-02
   2.0000000e+00   6.6754813e-01   4.6694099e-01  -1.0712897e+00   6.7583905e-01   1.8446030e+00   8.3972181e-01   1.2282216e+00   8.7722040e-01   1.4006450e-01  -4.0794606e-01
   2.0000000e+00   1.5040194e+00  -5.8164855e-01  -5.6405420e-01   8.4179368e-01   1.9035940e+00   5.2545277e-01   4.4636252e-01   4.1287169e-01  -7.9003795e-01   5.6739048e-01
   2.0000000e+00  -4.3829266e-01   4.2498821e-01   7.9241133e-01   7.5592223e-01  -1.8301884e-01   4.1046630e-02  -3.7460419e-01   1.7756438e-01   3.1959876e-02   1.1949863e+00
   2.0000000e+00  -7.0644656e-01  -1.2157555e+00   2.5808786e-01  -5.9082675e-01  -1.0627125e+00   2.5510305e-01  -1.1123377e+00  -1.7013654e-01  -1.4203348e+00   2.3807659e+00
   2.0000000e+00  -6.7496786e-01   1.3704342e+00  -1.0386726e+00   3.3628470e-01  -1.1998514e+00  -9.9694428e-01  -8.3771077e-01  -2.2501817e-01  -7.5714838e-01  -4.3751297e-01
   2.0000000e+00  -4.8670363e-04  -3.7376458e-01  -7.7735186e-01  -1.0349071e+00   6.5243849e-01   4.1549188e-01  -2.2537145e+00  -2.3679669e+00  -1.4835190e+00   1.1508713e-01
   2.0000000e+00   1.0599321e+00  -2.1738089e+00   2.1169063e+00  -1.1326573e-01   1.0077177e+00  -7.3948699e-01  -1.8165918e-02  -1.6870627e+00  -7.1956913e-02   3.2508629e-01
   2.0000000e+00   3.6014242e-01  -9.8052833e-01   7.5734183e-01  -1.5130922e+00   5.8084958e-01   6.7352704e-01  -5.2976129e-02   9.3083940e-01  -4.8028839e-03   1.8822276e+00
   2.0000000e+00   6.3910711e-01  -9.7907274e-01   3.1614490e-01   1.2059904e+00  -8.7191613e-01  -1.3758416e-01  -4.0916337e-01   9.4443412e-01   1.6186672e+00  -6.3418370e-01
   2.0000000e+00  -1.2405723e+00  -7.5367677e-02  -3.6316693e-01   5.1841801e-02  -9.3325806e-01   7.1846052e-01   9.4453342e-01  -6.9141439e-01  -4.0873984e-01  -1.0160722e+00
   2.0000000e+00  -2.0466069e-01  -6.3692919e-01   3.1545971e-01   1.7430010e+00   1.7150826e+00   5.3214616e-01   1.3227975e+00  -4.8065667e-01  -2.0079811e+00  -2.3305109e-01
   2.0000000e+00   1.0822882e+00  -1.0983161e+00  -5.0630034e-01   7.9601089e-01  -7.3278091e-02   8.0324599e-01  -9.7813548e-01  -4.3616133e-01   5.0790263e-01   3.5371882e-01
   2.0000000e+00  -5.5504076e-01  -9.5274057e-01   8.2931928e-01  -3.9552464e-01   3.0355371e-01   7.6656982e-01  -6.2852863e-02   3.7098003e-01   4.7317046e-01   4.6778940e-01
   2.0000000e+00   1.4771115e-01   8.8310944e-01   8.6983071e-02   2.9671644e-01   2.0136280e+00   1.9645813e-01  -4.7121298e-01  -1.0242412e+00   8.3355184e-01  -4.5651166e-01
   2.0000000e+00  -1.0050416e+00   9.5668657e-01  -1.2341924e+00   2.3918993e-01   5.0883922e-01  -2.0572800e+00  -1.2859716e-01  -1.5669869e+00  -1.6516231e+00   7.9338836e-01
   2.0000000e+00  -1.2870601e+00  -3.8372251e-01  -2.0970589e+00   6.0254270e-01  -1.1794868e+00   6.1564918e-01   3.4432861e-02  -2.7589694e-01  -1.5465873e+00  -5.8535060e-01
   1.0000000e+00   1.1115421e-02  -5.5835348e-01   1.2709879e+00   6.5857637e-01  -1.2852740e+00   6.9355890e-01   4.5208207e-01  -6.6909602e-01   9.0590190e-01  -2.0507298e+00
   2.0000000e+00  -2.5451653e-01   5.5422071e-01   6.0956428e-02   1.3300835e-01   1.1762923e+00   3.2426661e-01  -2.3952512e-01   5.1917714e-01   7.9103730e-01  -9.1138278e-01
   2.0000000e+00   1.6842631e+00  -1.1265777e+00   3.0731776e-02  -4.1200805e-01  -4.8468230e-02  -1.7433683e+00   4.3012357e-01  -2.5227091e-01   1.5218894e+00   2.2986039e-01
   2.0000000e+00   4.5160848e-01   8.6673638e-01  -4.8334234e-01   1.5599993e+00  -3.8339823e-02  -2.7424588e-01  -3.1070189e-01   1.7916413e+00  -1.8932967e+00  -8.0775032e-01
   2.0000000e+00  -2.4336451e-01  -4.6642578e-01  -2.8846817e-02   4.6537457e-01   1.9749698e-01  -1.9647495e-01  -2.2976461e-01   3.5262961e-02   6.9672657e-01  -7.9695939e-01
   2.0000000e+00  -5.7069883e-01  -5.6851655e-01  -6.5759647e-03   7.2469873e-01   1.8191182e+00  -4.0894956e-01  -1.3344006e+00   1.1446385e+00  -1.7079294e+00  -1.5128559e-01
   2.0000000e+00   1.9529264e-01   1.6051562e+00  -8.3371472e-01   1.0686240e+00  -8.9860280e-02   3.6514980e-01   6.1377966e-01   3.0248394e-02  -1.2960299e-01  -1.3167520e+00
   2.0000000e+00   1.0394749e-01   1.9943398e-01   5.5148966e-01   4.3322722e-01  -2.4715005e+00  -4.4747522e-01   2.9501387e-02  -3.1004546e-01  -2.3764139e-01  -7.5727928e-01
   2.0000000e+00   1.2829595e+00  -4.8557038e-01   1.6884152e+00   1.0040342e+00   2.3189869e-01   1.0466873e+00  -5.8733694e-01  -1.5331691e+00  -2.5866903e-01  -2.9531757e-01
   2.0000000e+00   1.4794991e+00   2.3347977e-02  -9.2575198e-01  -9.4774743e-01  -7.5912825e-02  -1.4449535e+00   7.6581441e-03   4.6190960e-01   1.5954454e+00   2.9821185e+00
   1.0000000e+00   3.3953222e-01  -5.3544066e-01  -6.7392209e-02   7.8854118e-02  -1.2662446e+00  -9.8792244e-01  -1.3348767e+00  -4.1726044e-01   6.3345097e-01   4.4314177e-01
   2.0000000e+00   1.1014896e+00  -3.1591618e-02   4.1300183e-01  -3.4035850e-02  -1.6131318e+00  -6.0453996e-01   3.0799540e-01   1.4163328e-01   1.8333033e-01  -1.5123815e-01
   2.0000000e+00  -3.9277976e-01  -1.2747563e-01  -1.1458939e+00  -9.3457323e-02  -1.3047170e+00   5.7777986e-01   2.1227047e-01   5.8646707e-01   5.4797099e-01  -1.0021915e+00
   2.0000000e+00   8.1826121e-01   7.5787166e-01  -1.6309144e+00   1.1200481e+00  -7.6038185e-01  -4.8482009e-01  -4.4033453e-01   1.1467089e+00  -7.3090232e-01   1.1403658e+00
   2.0000000e+00  -1.8668683e-01   2.0833276e-01  -9.0334453e-01  -2.4335556e-03   2.0755188e+00  -5.2820143e-01  -9.7418218e-01  -5.1852362e-02  -2.5150632e+00  -2.2592917e-01
   2.0000000e+00  -1.4060996e+00  -2.9843313e-01  -3.2089002e-01  -1.0902094e+00  -1.5230711e-01   9.4625394e-02  -4.5688913e-01  -1.7026455e+00  -7.5573028e-01  -5.9741147e-01
   2.0000000e+00  -5.9114693e-01  -1.2415116e+00   4.3515373e-01   3.1168934e-01  -1.8338988e-01  -1.1965741e+00  -1.8843417e+00  -1.3284172e+00  -1.2848459e+00  -5.1569036e-01
   2.0000000e+00   8.5182038e-01  -8.4024849e-01  -2.4218452e+00   6.4261106e-01  -1.1088586e-01   6.4332648e-01  -1.6342673e+00  -5.8571431e-01   1.0321566e+00   7.4856567e-02
   2.0000000e+00   8.5405375e-01   1.3195331e+00   7.7860074e-01   4.1232954e-01  -8.3227505e-01   1.6036760e+00  -1.0643571e+00   3.0563754e-02  -5.9166886e-01   1.2565538e+00
   1.0000000e+00   4.3216928e-01   1.5775883e+00  -1.4915475e+00  -1.0395825e-01   1.5659487e+00  -3.5751997e-01   2.1881160e-01  -4.3898083e-01  -1.5811681e+00   1.7313444e+00
   2.0000000e+00  -9.6550026e-01  -1.0366120e+00  -4.6069721e-01  -5.3433617e-01   2.9300290e-01  -9.3837057e-01   5.7687312e-01   7.7428719e-01  -1.7620559e+00   4.5065814e-01
   1.0000000e+00   7.8251334e-01   1.2166926e+00  -3.4492780e-01   1.9200953e-01   2.2616244e-01  -1.9837522e-01   8.8800137e-01   1.1922669e+00   2.4081102e-01   2.1667621e+00
   2.0000000e+00  -4.0133571e-01  -1.2985336e+00  -8.2082433e-01  -9.8986114e-01  -1.1030952e+00   7.9444864e-01   2.4565489e-01   3.7177885e-01  -4.8123273e-01  -1.3225425e+00
   2.0000000e+00   1.8315875e-01  -1.4468565e+00  -1.4240355e+00   1.1689063e+00  -3.7657318e-01   1.3574039e+00  -9.6176184e-01  -2.3294424e-01   4.3331467e-01  -6.4844506e-01
   2.0000000e+00  -8.2183494e-01   6.4887731e-01   1.1841673e+00  -4.8549572e-01  -7.1528280e-02  -8.6454749e-01  -1.2181993e+00  -1.0641605e+00  -9.7276782e-01   1.0990561e+00
   1.0000000e+00   4.0238210e-01  -7.0903683e-01   9.5566889e-02   1.5547551e-01  -2.0009544e-01  -3.9303138e-01  -2.5693837e-01   6.4295558e-01   4.0055491e-01   8.5131330e-01
   2.0000000e+00   7.1207973e-01   1.6598968e-01   1.0280459e+00   7.6875863e-01  -4.8450148e-01   3.8779884e-01  -1.5335481e+00  -1.3940414e+00   9.8938600e-01   4.5523992e-01
   2.0000000e+00   2.7868204e-01   4.8918241e-01   4.7557195e-01  -1.3109674e+00   7.4033550e-01  -4.9262769e-01  -1.8394635e-01   6.7980604e-01  -5.8379112e-01  -6.3684396e-01
   1.0000000e+00   3.1164067e-01  -1.0836987e+00  -1.5391272e-01   3.4211426e-01   6.3280407e-01   5.9178754e-01  -6.3136722e-01   4.4651833e-01   1.7995378e+00   2.0838100e-01
   2.0000000e+00   1.4980513e+00  -7.3883527e-01  -2.0820961e+00   4.1053367e-01  -1.3443638e+00  -3.3908140e-03   5.7935737e-01  -4.0900384e-01  -1.6549844e+00   4.4388854e-01
   2.0000000e+00  -5.3666949e-02  -3.0972394e-01  -2.5831392e-01   1.0106440e+00   9.2195568e-01  -1.1897142e-01  -2.0491614e-01   9.8483928e-02   1.6212545e+00   1.8531261e+00
   2.0000000e+00  -1.0642999e+00  -1.0990243e+00  -1.0223375e+00   1.6314607e+00  -5.9849480e-01   8.7773184e-01  -3.6585600e-01  -1.8068905e-01   1.0982082e+00   2.0718585e+00
   2.0000000e+00   4.4398325e-01  -8.8416354e-02   8.2540806e-01   1.5980515e+00  -7.2725115e-01  -1.5982849e-01  -4.7978560e-01  -4.3920533e-01   3.5160833e-01  -4.0119593e-01
   2.0000000e+00   1.5549015e+00   2.0303816e-01  -2.9179907e-01   2.2909585e+00  -7.0816735e-01   3.3581299e-01   1.1794893e+00   2.2426251e-01   1.2423569e+00  -2.5595970e-01
   2.0000000e+00   1.2578255e+00  -9.2039964e-01  -5.2751748e-01  -1.1563419e+00   1.0450597e+00   1.2894828e-01   6.9835287e-01   8.1155970e-01  -2.7715339e-01   8.3465427e-02
   2.0000000e+00   2.0050613e+00   1.1670884e-01   1.2251155e-01  -7.1386535e-01   3.7058870e-01   1.0561994e+00   1.0022022e+00  -1.1587223e-01  -1.7586502e+00   1.8181210e-02
   2.0000000e+00  -4.1140929e-01   2.7868302e-01  -1.0881574e+00   3.8263804e-01  -1.1554187e+00   1.0476804e+00  -1.7818699e-01  -3.4809609e-01   5.2213672e-01  -2.7364419e+00
   2.0000000e+00  -9.1305707e-01  -3.4575349e-01  -8.9287078e-01  -1.4292243e+00  -8.0731301e-01   1.1420301e+00  -4.2120176e-01  -1.4451287e-01  -1.1610016e+00  -1.2888624e+00
   2.0000000e+00   4.0745243e-01  -2.0507694e+00  -7.0185352e-01  -1.1815826e+00   1.0276122e+00   2.4582950e+00  -1.7099398e+00  -3.3699754e-01  -6.8779466e-01  -4.9289038e-01
   2.0000000e+00   6.3167818e-01   8.3547747e-01  -4.5989147e-01   1.0578665e+00   5.3753620e-02  -3.1423020e+00  -1.9536517e+00   5.8202945e-01   2.4653170e-01  -2.0500999e+00
   2.0000000e+00  -1.4911018e+00   3.2851597e-01   5.2536590e-01  -2.2857299e-01   8.6376202e-01  -4.0444833e-01   3.0680560e-01   7.7710951e-01   1.9771099e-02   3.3848252e-01
   1.0000000e+00   3.6629427e-01  -5.2479350e-01  -3.5648878e-01   4.0124119e-01   1.1315177e+00   4.4190470e-01  -4.0839020e-01   9.8286364e-01   5.1688739e-01  -3.7674370e-01
   1.0000000e+00   6.5949612e-01   6.6961554e-01   3.4513489e-01  -1.3723898e-01   1.3431108e-01  -8.3050064e-02  -9.5521312e-01  -9.1690381e-01   1.1804264e+00   1.8665893e-01
   2.0000000e+00   5.6761527e-01   5.2517574e-01  -6.7964824e-01  -1.1331942e+00  -1.7236670e-02   4.3905573e-01   4.4638106e-01   1.0001231e+00   1.5787299e+00  -4.1859219e-01
   2.0000000e+00   3.1231197e-01   2.2563664e-01   1.3789445e+00  -1.0709427e+00  -3.1665223e-01  -2.6405344e-01  -3.8807030e-01  -3.2678010e-01  -2.6560183e-01   1.1563592e+00
   2.0000000e+00  -1.8398491e-01  -5.0679298e-01  -6.2785360e-01   8.6829898e-01  -3.9438968e-02  -1.4917014e+00   5.4148620e-02   1.3653236e+00  -1.0149672e+00   2.4957433e-01
   2.0000000e+00   8.8582230e-01   8.6321628e-02   2.4733068e+00   1.4954385e+00   3.1086348e-01  -4.7913075e-01  -7.7311220e-01   1.4076203e+00   6.8665405e-01   4.5156603e-01
   2.0000000e+00  -4.5566649e-01  -7.0401221e-01  -5.4827180e-01  -8.0041966e-01   1.0874671e+00  -5.7738275e-01   7.3029485e-01  -1.6162516e+00   9.1333352e-02  -1.8118395e+00
   1.0000000e+00   4.6905206e-01  -1.4003291e+00  -6.8326023e-02  -4.1550273e-01   3.1241061e-02  -5.8778854e-01  -1.7249180e+00  -2.8451898e-01  -8.6782626e-01  -6.7347078e-03
   2.0000000e+00  -2.0109254e-01   7.8997910e-02   3.7524519e-01   5.4148775e-01  -7.2738519e-01   4.5070403e-01  -8.6975305e-02   8.7767629e-01   4.1937609e-01  -4.5220491e-01
   2.0000000e+00  -2.1502529e-01  -1.0044118e+00   8.2308379e-01  -3.9228841e-01  -1.5485886e-02   1.6917110e-02  -9.8998687e-01   3.5202940e-02  -8.6822752e-01   1.7458124e-01
   2.0000000e+00  -3.8617173e-01   4.2194418e-01  -4.1060376e-01   2.0090193e-02  -3.0833215e+00  -1.0547467e+00   6.8564701e-01   3.5483600e-01  -4.2734707e-01  -1.0790173e+00
   2.0000000e+00  -9.0644475e-01  -7.9952053e-02  -2.1912483e+00  -2.7959181e+00  -3.1153506e+00   2.1580889e+00   1.1637303e-01  -1.4429719e+00   4.2273101e-01  -1.7658180e+00
   2.0000000e+00   9.1521270e-01   1.5108806e-01   1.9017539e+00  -1.6890652e+00   2.9163886e-01   4.5453978e-02   1.2759256e+00   2.1239209e-01   2.1857647e+00   1.4299937e-01
   2.0000000e+00  -8.0432791e-01  -8.5893671e-01   8.8360998e-01   6.0924741e-01  -3.4198370e-01  -5.4937169e-01   5.2563975e-01   1.0929432e+00  -5.3567093e-01  -2.6055032e-01
   2.0000000e+00  -6.0608941e-01  -1.1164611e-01  -6.3394157e-01   7.8636625e-01   4.3416863e-01  -5.4809879e-02  -6.1908754e-01   6.5857576e-01   2.9340094e+00   4.1223402e-01
   2.0000000e+00  -1.4682603e+00  -2.1849258e-01  -4.5897411e-01   1.1186882e+00  -1.3283773e+00   1.0762775e+00  -8.8426280e-02   6.7170426e-01  -1.4229882e+00   2.1606587e+00
   2.0000000e+00  -7.5335696e-01  -2.4297053e-01  -1.3896692e+00  -8.4544304e-01  -7.8967033e-01  -1.7903041e+00   4.3193482e-01  -1.5803124e+00   1.0472117e+00  -4.3869153e-01
   2.0000000e+00  -5.1033684e-01   5.2788269e-01   1.2151440e-01  -4.0803570e-01   9.7566059e-01  -1.0855144e+00   4.4877264e-01   4.4847504e-01  -2.5495909e+00  -4.9649357e-01
   1.0000000e+00   4.0404001e-01  -7.5641390e-01  -1.3061172e-01   6.0621564e-01   9.9770101e-01  -1.4602216e+00  -1.2551668e+00  -3.8739624e-01   2.1631956e+00   7.8432583e-01
   2.0000000e+00  -3.7998861e-01  -8.4571532e-01   2.4496479e-01   1.4072262e+00  -1.7322408e+00   9.3428568e-01   7.5008291e-01   5.6360549e-01   1.3523022e+00   7.5469551e-01
   2.0000000e+00   1.5509279e+00  -1.7890342e+00  -7.0259806e-01   1.0730498e+00  -1.4510796e+00   4.3179299e-02   1.6478087e+00  -1.1123266e+00   1.8753104e+00   7.6815303e-01
   2.0000000e+00   6.1837792e-01   1.8452014e-01  -1.7472066e+00  -1.5315456e+00   1.3536640e+00   9.3672314e-01   5.4859651e-01   2.9853067e-01  -4.6502363e-01  -8.0523152e-02
   2.0000000e+00  -1.3815286e+00   1.8920747e-01   6.5737129e-01   8.2023451e-02   1.2778788e+00  -8.8377466e-01   5.7030194e-01  -8.7036555e-01   1.0890022e+00   7.6333584e-02
   2.0000000e+00   1.2392049e+00  -5.5387823e-01  -3.6917110e-01  -8.9450944e-01   2.3325299e+00   1.8446301e+00  -2.4871957e+00  -3.7000989e-01   3.0681038e-01   3.1470192e+00
   2.0000000e+00  -1.2800523e+00  -5.1702908e-01   2.3512523e-01   3.8640595e-01   5.0352453e-01   6.2357069e-01  -2.1176907e-01   1.9873099e+00  -6.7090613e-01  -9.9232765e-01
   1.0000000e+00   3.7411944e-01  -1.2868385e+00  -6.8215859e-02   3.9728055e-01   9.9442533e-01   3.4681407e-01  -1.3870049e+00  -1.2685223e+00   1.0771659e+00  -1.2133476e+00
   1.0000000e+00   3.6979686e-01   9.5270363e-01   3.4950705e-01  -1.3961929e-01  -3.3659480e-02   1.8520050e-01   5.5224928e-01  -1.1358342e-02  -4.3230866e-01   1.1519912e+00
   2.0000000e+00   9.3189391e-01  -2.9434221e-01   7.8141544e-01  -3.8775241e-01   2.9403235e-01  -6.1545211e-01  -7.8303384e-01  -9.0003614e-01  -6.4596134e-01  -3.7472609e-01
   2.0000000e+00  -4.3039045e-01   5.9502451e-02  -1.0900262e+00  -5.9489246e-01   3.8532641e-01  -7.8277752e-02  -3.9989762e-01   1.6433963e+00  -1.8632916e-01  -1.2783329e-01
   2.0000000e+00  -1.0297672e+00  -4.8162338e-01   1.6151883e+00   7.6141096e-01  -1.4986476e+00  -4.7879884e-01  -8.7532153e-01   4.8773602e-01   2.0017653e-01   2.0734767e-01
   2.0000000e+00  -5.6595473e-01   7.4345650e-01  -3.2819124e-02   9.3718687e-01   9.1588838e-01  -1.1275101e+00   6.5963960e-01  -1.8417320e+00  -1.4108740e+00  -1.2532646e-01
   2.0000000e+00  -9.1645880e-02  -1.6981216e+00  -1.5558774e+00  -8.2819794e-01  -3.9531946e-02  -1.3907391e+00  -9.5492043e-01   1.5866554e+00  -1.1107610e+00  -4.7658155e-01
   2.0000000e+00  -6.9155450e-01   6.1581604e-01   1.4222135e+00   2.2498663e+00   2.6631836e-01   4.3280196e-01   6.7943952e-01  -1.0368037e+00   1.0849808e+00  -1.5674091e+00
   2.0000000e+00  -1.7929184e-01  -1.4444550e+00   8.6397844e-01   1.0783731e-01   6.9462520e-01  -1.0186090e-01   5.1632236e-01  -1.1049498e+00  -1.1571104e+00  -2.5606537e+00
   2.0000000e+00  -2.2003955e+00  -1.3104867e+00   3.0751281e-01   1.0097791e+00   6.5016623e-01  -1.0955215e-01  -3.8193058e-01   6.6190138e-01  -5.4423894e-01  -1.0246473e+00
   2.0000000e+00   7.8407705e-02  -3.3049886e-01  -1.6292332e-01   1.7185438e+00  -2.2160301e+00  -8.3203229e-01   4.2561717e-01   1.2669705e+00  -6.3742657e-01  -9.3307792e-01
   2.0000000e+00  -8.9084979e-01  -1.3195358e+00   1.5043990e-01   1.4538765e+00  -8.7792109e-01  -1.4438891e+00  -1.6599936e+00   1.4897146e-01   1.2766646e+00   5.4166164e-03
   1.0000000e+00   5.7808206e-02   1.0506038e+00  -1.3063143e+00  -4.8572749e-01   2.0670102e-01   5.9209836e-01   1.9729514e+00  -1.3362184e+00   5.6667083e-01  -3.6511983e-01
   2.0000000e+00  -1.2079107e+00  -1.5133855e+00  -8.1115177e-01   1.1785073e-01   3.8593849e-01  -1.2534544e+00  -1.9351673e-02  -8.9770568e-01  -5.9838305e-01  -3.1756818e-01
   2.0000000e+00  -2.8186051e-01   6.3712813e-01   9.9913767e-01   7.8678723e-01   1.5573237e-01  -1.2153951e+00  -1.0060361e+00  -4.7256812e-01  -4.9533852e-01   1.2913593e+00
   2.0000000e+00   4.8067287e-01   6.7810809e-01   6.2967649e-01  -1.2532608e+00  -1.1257252e+00   4.4297434e-01   5.3217583e-01  -1.1533440e+00  -1.0908302e+00   2.0738201e+00
   2.0000000e+00   7.6926156e-01  -1.4950019e+00  -1.8448241e+00  -6.7133610e-01   8.1765688e-02  -2.6716512e+00   3.5377166e-01   1.4866447e+00  -3.2552365e-01   7.3966213e-01
   2.0000000e+00  -1.2562923e+00   1.4705461e+00   1.7764158e-01  -4.1703553e-01  -9.0994349e-01   4.9039693e-01   1.9247583e-01   1.0258464e+00  -4.1420804e-01  -2.0067351e+00
   2.0000000e+00  -7.1887730e-01  -1.3674450e+00  -2.9181357e-01  -9.9035060e-01   1.6193159e+00   3.5231320e-02   8.7701735e-01  -1.1706828e+00   1.2734332e+00   9.6724450e-01
   1.0000000e+00   4.1555024e-01  -6.3406355e-01   3.0977142e-01   5.8645543e-01   6.8725673e-01  -1.5610241e+00  -7.1125879e-01  -5.0119333e-01  -8.0410503e-01  -4.4529142e-01
   2.0000000e+00  -4.2064102e-01   2.0971523e+00   1.6942948e-01  -1.8835228e+00  -1.0391894e-01  -1.9411218e+00   1.1838784e+00  -2.7046661e+00  -1.2711273e+00  -1.3532577e+00
   2.0000000e+00  -1.2010810e-01   1.5392387e+00   3.2728114e-01   3.1259358e-01   8.1531630e-01  -1.4988654e+00  -6.6519467e-02  -3.4518273e-01  -7.0821856e-01   3.3569326e-01
   2.0000000e+00   1.3360733e+00  -1.4164409e+00   2.0991087e+00   1.2899954e+00   1.0229878e-01  -1.1073146e+00  -2.7236876e-01   5.6802245e-01  -2.5342640e+00   4.0148023e-01
   2.0000000e+00  -4.7513884e-01   3.1315141e-01  -1.4611156e+00   4.3355443e-01  -3.4137252e-01   8.9936505e-01  -4.2292166e-03   1.0773322e+00   2.9368469e-01   2.9686706e-01
   2.0000000e+00  -3.8253849e-01  -6.3191510e-01   1.0882697e+00   2.6453473e-02  -7.0863180e-01  -1.5308526e+00  -1.3821444e+00  -2.5404832e+00   1.2290829e+00  -1.5943635e+00
   2.0000000e+00   1.1708136e+00   3.6374184e-01   1.2810685e+00  -1.9813434e-01  -1.0857825e+00  -1.8614514e-01  -4.4791756e-01   6.3849191e-01  -7.3408390e-01   1.0127375e+00
   2.0000000e+00  -1.1895639e+00   1.2371165e+00  -5.8113320e-02   2.5178180e-01  -5.2871377e-01   9.0450470e-01  -5.4992935e-01  -1.5748825e+00  -2.1200736e+00  -1.1346019e-01
   2.0000000e+00  -1.2926986e+00   6.6740806e-01  -1.6741843e+00   6.6519715e-01   7.9746298e-01   4.9426176e-01  -1.4813391e+00  -1.2339645e+00  -1.8344534e-01  -9.8252175e-01
   1.0000000e+00   3.9243698e-02  -2.7066366e-01  -1.0863955e+00   2.2796309e-01  -1.8884510e+00   1.2512396e+00   3.7768636e-02   1.0898441e+00   8.3623621e-01   7.8521505e-01
   2.0000000e+00   1.4484663e+00  -1.0645415e-01   6.3312827e-01   4.1709985e-01   5.7005214e-01  -4.1083817e-01   6.0325404e-01   1.1735504e+00  -9.7035418e-01  -1.1194261e+00
   2.0000000e+00  -1.5281184e+00   4.8004035e-01  -1.4731062e+00  -1.5561203e+00  -2.3263217e+00   7.6731316e-01  -9.6388130e-01  -4.0018959e-01  -3.0755240e-01   3.1458337e-01
   2.0000000e+00  -1.6275425e-01   9.0811277e-01   3.3382601e-01   8.8582791e-01  -3.4005670e-02   1.4605388e+00  -7.4197261e-01   7.8538978e-01  -1.3496858e+00   4.5616607e-01
   2.0000000e+00   1.0207007e+00   7.0840381e-01   1.6194261e-01   1.9626419e-01  -3.7694160e-01  -1.0083347e+00   8.3468318e-01   2.3996434e-01  -7.5877208e-01  -2.1857801e+00
   2.0000000e+00   2.0633916e+00   8.6895348e-01   3.2347613e-01  -1.4425941e+00   9.0543389e-01  -1.8859035e+00   3.4678107e-03  -7.5508599e-01   1.9213852e-01  -2.3051794e+00
   2.0000000e+00  -6.0661975e-01  -3.5605703e-01   1.7595374e+00   4.0383364e-01   2.9021015e-01   8.7242624e-01  -4.4747466e-01   1.3726538e+00  -1.9430015e-01  -9.2646612e-01
   2.0000000e+00  -1.6954266e-01   1.0522588e+00  -8.2486472e-02  -8.5783894e-01   2.2797574e+00   1.6062837e+00  -5.6380176e-01  -7.3199140e-01  -2.5573442e-01   7.1128705e-01
   2.0000000e+00   1.1010379e+00  -1.7093917e-01   7.7316398e-01   2.7148254e-01   3.3918182e-01  -1.0688382e+00  -9.7099467e-01   6.9834657e-02   1.6117107e-01   1.5228668e+00
   2.0000000e+00  -2.1461524e-01   1.3095859e-01   9.9797003e-02  -8.9332955e-01   1.5540317e-01   7.3125121e-01   9.9659886e-01   4.8880181e-01  -5.0701728e-01  -7.2348111e-02
   2.0000000e+00   3.0545640e-01  -1.2260623e+00   3.2612621e+00   9.1648445e-01   1.5810343e-02   6.1286300e-01  -9.0069186e-01   5.5730106e-01   2.0346588e-01  -2.4646958e-02
   2.0000000e+00  -6.3075610e-01   1.3818000e+00   1.1314184e+00   3.5827744e-01   4.1568875e-01  -2.6645859e-01   9.1314080e-01   1.8168949e-02  -5.8183388e-01   3.3159586e-02
   2.0000000e+00  -3.8354006e-01   8.4568849e-01  -9.3113374e-01   1.2365597e+00  -1.1480647e+00   6.1644846e-01   5.0730679e-01  -5.1642952e-02   2.2870218e-01  -3.7116614e-01
   2.0000000e+00  -2.3201501e-01  -1.0546274e+00  -1.1027191e+00   1.7418482e+00  -4.4457841e-02  -4.6053879e-01  -5.1284207e-01  -7.0635654e-01  -1.1755323e+00  -3.3298000e-01
   2.0000000e+00   7.5026498e-02  -1.3160015e+00   1.0534265e+00   9.4431442e-01  -3.5178026e-01  -1.7894934e-01  -6.9680109e-02  -1.2519982e+00   2.2703839e+00  -4.3770265e-01
   2.0000000e+00  -2.6657534e-01   1.3345609e+00   1.9430540e+00   1.2235023e-01   2.1609016e+00   7.9634779e-01  -5.1659073e-02   5.9454893e-01  -1.2498382e+00   1.5891878e+00
   1.0000000e+00   4.7646611e-01   1.2529794e-01   5.9667867e-01   5.5862386e-01   1.2589540e+00   6.0832805e-01  -3.9297454e-01  -3.4521930e-01   1.1154502e+00  -1.6842584e+00
   2.0000000e+00  -7.1483896e-02  -1.2770618e+00   1.3037023e-01   2.1367371e-01  -3.7102791e-01  -7.4334683e-01   9.8485148e-01  -1.3060187e+00  -7.4563943e-01   4.8911360e-01
   2.0000000e+00  -1.8638197e-01   1.0713032e+00  -1.4015992e+00  -3.6512218e-01   7.2009005e-01  -9.8730723e-01   1.0202970e+00   9.4113030e-01  -1.7275407e+00   2.3639832e-01
   2.0000000e+00  -4.9408712e-01   1.4316402e-01   7.0163044e-01  -1.6352150e+00  -2.0182543e+00  -8.1500559e-01  -3.7728407e-01  -1.1102771e+00  -1.0089365e+00   4.1738244e-01
   2.0000000e+00   1.6433308e+00   5.3876706e-01  -3.7837569e-01  -1.3073396e+00   1.1465461e+00   1.6830468e+00   8.9830219e-02   1.3547927e+00  -2.8281758e-01  -5.9811315e-01
   2.0000000e+00  -1.6599680e+00  -3.4080884e-01   9.8404366e-02  -1.3311535e+00  -2.7762174e-01   1.5773451e+00   6.8764535e-01   8.5407814e-02  -1.0232628e-01   8.3913512e-02
   2.0000000e+00  -4.1559593e-02  -7.3100412e-01   8.4397710e-01  -5.6780890e-01  -1.2509774e+00   2.2080150e+00   9.9249790e-01  -1.3815575e+00  -9.9008345e-01   1.0582174e+00
   2.0000000e+00   6.6498513e-01   6.2207224e-01  -1.8850463e+00  -1.3980843e+00   1.5870825e+00  -2.0701547e-01  -8.7093310e-01   6.9546694e-01  -1.3525400e+00   1.9114166e-02
   1.0000000e+00   2.4470303e-01   3.2744942e-01   1.2410031e-01   5.9438790e-01   1.9766034e-02  -8.6510565e-01  -1.4430775e+00  -3.3218740e-01   1.9326522e+00  -8.9904577e-01
   2.0000000e+00  -1.1829910e+00   1.1788490e+00  -1.7008458e+00   2.3493697e-01  -7.6147789e-01  -3.6253594e-01  -1.0279883e+00  -1.1656521e+00   2.4505338e-01  -2.1976011e+00
   2.0000000e+00  -2.4253762e-01  -9.6565088e-01   7.4815875e-01  -1.6990570e+00   1.0679936e+00  -3.2224585e-01   2.2227036e+00  -2.1854443e+00   6.8876374e-01   4.9861433e-01
   2.0000000e+00  -9.8079690e-01   1.6491838e+00  -4.4353398e-01  -1.9747938e+00   9.7859774e-01  -2.4461750e-01  -1.9972169e-01   1.2930807e+00  -1.4579752e+00   1.3239462e+00
   2.0000000e+00   1.7778638e+00   7.8814468e-01  -2.5091334e-01  -3.6908620e-01  -6.3309656e-01   1.5456689e+00  -8.9741609e-01   6.7131181e-01  -8.3396953e-01   5.3666718e-02
   2.0000000e+00   1.7627861e+00   8.1109016e-01  -1.0033272e+00   6.6356776e-01   7.8126533e-01  -3.6664564e-01  -4.0640728e-01  -1.1093895e+00  -8.8682054e-01  -2.0555235e-01
   2.0000000e+00  -1.0285403e-01  -1.6214547e+00  -3.9504293e-01  -4.5731181e-01  -5.4795110e-01  -2.0334481e-01   4.8858786e-01  -8.8886278e-01   1.3054605e+00   8.1528213e-01
   2.0000000e+00   3.4975640e-01   9.4696281e-01  -8.4405598e-01  -1.4812458e+00   6.0125079e-02  -1.0460571e+00   7.2269168e-01   4.0538782e-01  -5.6664300e-01   1.5730723e+00
   2.0000000e+00  -5.8834141e-01   1.4282293e+00   1.2274797e-02  -1.4747108e+00  -1.8130077e+00  -1.1942468e+00  -1.1486174e+00  -1.9920025e+00   1.7679382e+00   2.4988130e-01
   2.0000000e+00   4.8381048e-01  -1.1626681e+00  -6.1614129e-01   9.2730492e-01  -7.4575400e-01  -1.0399981e+00   5.5604007e-01   1.5164494e+00  -9.7995867e-01  -2.1734836e+00
   2.0000000e+00  -6.5208848e-01   1.9559156e+00  -8.7457105e-01   3.8949285e-02   1.8698129e-01   9.5242309e-01  -5.1491193e-01   3.1130958e+00   3.5900366e-01   7.8641710e-01
   2.0000000e+00   1.3738900e+00   2.9638985e-01   8.5297892e-01   4.1373681e-01   8.9179073e-01   1.2045387e-01   1.7755684e+00   5.2935769e-01   8.5086812e-01   4.2407573e-01
   2.0000000e+00  -2.9918255e-01  -1.3369245e+00  -7.9006644e-01  -6.9802832e-01  -3.2921751e-01  -1.2583726e+00   1.3607820e-01   7.2475129e-01   2.1922799e+00  -6.1501779e-02
   2.0000000e+00   1.7294950e+00   9.0118935e-01   2.9457959e-01  -2.0032548e-01   6.6993398e-01   4.2761031e-01  -2.0422526e-01  -9.5743748e-01  -8.0877175e-01  -5.6902109e-01
   2.0000000e+00   1.7957671e+00   7.3368311e-01  -7.0020562e-02   1.2256622e+00  -4.9222540e-02  -1.4370705e+00  -6.0717212e-02   1.2843042e+00   2.6322921e-01  -5.4459935e-02
   1.0000000e+00   6.8961236e-01   9.0927208e-01  -1.7321836e+00  -3.2292394e-01  -8.0247655e-01  -7.3087406e-01   5.0458600e-01   1.7838491e+00  -5.9842132e-01   8.2820138e-01
   1.0000000e+00   6.5910266e-02  -2.0687022e+00   1.4142888e-01  -6.6821513e-02   1.2193370e+00   2.4758765e-01   1.7963253e-01   2.7389564e-01   3.3364376e-01  -5.1874223e-01
   2.0000000e+00   5.3293666e-01  -5.3929139e-01   6.2457802e-01  -1.3519933e+00   1.2458104e+00   5.3833855e-01   5.9264535e-01   1.0009212e+00  -7.4376377e-01   1.2551525e+00
   2.0000000e+00  -5.2725850e-01   5.0964886e-01   5.7846159e-01  -3.8001388e-01   3.5800789e-01   4.2286000e-01  -3.8911518e-01   2.1483452e+00   2.8347285e-01   1.1220094e+00
   2.0000000e+00  -1.8486137e+00   6.9146470e-01  -6.9890267e-01   1.5116608e+00   1.8505952e+00   8.8186706e-01   9.3539077e-01  -5.2440506e-01  -8.2898805e-01   2.8743776e-02
   2.0000000e+00  -3.3159172e-02  -1.3389706e+00  -3.9678130e-02  -8.8467940e-01   2.0477189e-02   1.1692254e+00   1.5740235e+00  -1.5202620e-01  -3.7702066e-01   3.3913279e-01
   2.0000000e+00  -5.2945081e-01   3.5112212e-01   1.4229559e-01   5.9344183e-01   1.4620566e+00  -6.2988799e-01   2.7367607e-01   2.7734159e-01   5.4514802e-01   2.2954083e-01
   2.0000000e+00   1.2722775e+00  -2.8351211e-01  -2.4250703e-01  -3.0682223e-01   2.0368016e-01  -2.3574673e-02  -3.6554407e-01   2.8714675e-01  -6.3214431e-01   5.3532417e-01
   1.0000000e+00   4.8472001e-02   1.5314606e-01   5.3055139e-01   5.3557283e-01   8.7335091e-01  -2.7613783e-01  -1.0438321e+00  -6.6067623e-02  -1.1829951e+00  -1.2951480e+00
   2.0000000e+00   9.7562597e-01  -4.4422535e-01   1.2222431e+00   1.3128717e+00   1.2506566e+00   1.3406424e+00  -2.3737517e-01  -8.7100737e-02   5.4580084e-01  -3.9748529e-01
   1.0000000e+00   3.8413684e-01  -1.2557597e+00   1.1126207e+00   2.5676819e-01   6.9931054e-01   1.4158041e+00   1.0076810e+00  -6.0359679e-01   2.3435501e-01   7.7924723e-01
   1.0000000e+00   5.9064430e-02   7.4995433e-01  -1.4958371e+00  -4.6531628e-01   7.6768802e-01   3.3370134e-01   6.1225403e-02  -1.6605074e+00  -2.4742199e+00  -1.4402314e+00
   2.0000000e+00  -2.8684368e+00  -1.6583022e+00  -7.0059443e-01  -1.3563875e+00   1.7610568e+00   5.6949289e-01   9.3950188e-01  -3.7858701e-01   8.2818901e-01  -3.8509011e-01
   2.0000000e+00  -1.5754126e+00   2.6524617e-01  -2.0663095e-01  -7.8778139e-02  -1.0407922e+00  -9.4144287e-01  -9.9962390e-01  -9.0111325e-01   4.9654639e-01   1.0332738e+00
   1.0000000e+00   3.6512880e-01  -5.7245954e-01  -1.0859586e+00   5.3456340e-01   1.0130473e+00  -1.4165938e+00  -2.3522260e+00  -1.2102189e+00   8.9619269e-01   1.2718021e-01
   2.0000000e+00   1.4215006e+00   3.5570500e-01   2.0636107e-01   3.4675700e-01   2.1651330e-01   6.4961324e-01   1.4019702e+00  -4.3907513e-01   1.9280974e-01  -1.1539084e-01
   1.0000000e+00   5.4320879e-01   4.9794938e-01   1.2405951e+00   6.8796193e-03   1.0875202e+00   1.0981793e+00   9.6955470e-01   2.1632241e+00  -5.9191289e-01   1.1346449e+00
   2.0000000e+00   7.7855021e-01  -5.4006121e-02  -4.7203221e-01  -4.4191323e-01   2.0505842e+00  -6.0488513e-01  -4.5619838e-01   9.9300871e-01  -4.6781758e-01  -1.8439954e+00
   2.0000000e+00  -6.6584128e-01   8.0139432e-01   2.7041729e-01   1.9956687e-01  -5.0946281e-02   1.2081555e+00   6.8496714e-01  -2.7624806e+00   3.0444293e-01   1.0819410e+00
   1.0000000e+00   1.1034009e-01  -6.9874987e-02  -6.9296637e-01   1.3625361e-01   1.1357587e+00  -1.2416181e+00   6.8567190e-01  -4.9699960e-01  -8.8979968e-01  -9.7080205e-01
   1.0000000e+00   4.2808875e-02   9.6936265e-01   8.1890455e-01   4.5399550e-01   1.2696328e+00   7.9384702e-02   2.1318306e+00  -9.5614161e-01   9.3824268e-01   9.6629697e-01
   2.0000000e+00   3.8734422e-01  -3.4970026e-01  -1.1998244e+00  -8.5843631e-01  -6.0134355e-02   1.9842494e+00   1.7970203e+00   2.1275830e-01   9.6310163e-01  -1.9128845e-01
   1.0000000e+00   6.5285595e-03  -1.8971259e+00  -6.5979488e-02   2.1875777e-01  -1.1771247e+00   1.4576747e+00   1.8471784e-01  -9.8723557e-01   8.2506989e-02   6.5544349e-01
   2.0000000e+00  -4.6738403e-01  -3.3468821e-01   3.6908631e-01   1.7597247e+00   5.6115706e-01   2.6672561e-01  -2.2508542e-03  -3.1950399e-01   4.6279003e-01  -2.3322559e-01
   2.0000000e+00  -2.3394076e+00  -1.7463931e+00   9.7412333e-01  -7.3255575e-01   2.1573370e-01   2.9374625e-01   1.9339548e-01   3.0801545e-02   1.2532444e+00   1.3600860e+00
   2.0000000e+00  -2.9262563e+00   2.3448705e+00  -2.3396169e-01   1.5785332e+00  -1.5244104e+00  -1.6761533e+00  -1.6102827e+00  -1.0067056e+00  -8.0073539e-01  -4.7152104e-01
   2.0000000e+00  -1.4319117e-02  -4.8516760e-01  -9.3669922e-01  -4.0687353e-02   1.6835629e-01   8.0738170e-01   1.4311641e+00   7.6818258e-02  -3.9899825e-01  -1.0813592e+00
   2.0000000e+00  -1.2326661e+00   2.1406127e-01  -6.2557878e-01  -1.4486545e+00   7.1732358e-02  -1.0441902e+00  -8.6940823e-01   1.3747122e+00  -1.0776385e-01   2.3663258e-01
   2.0000000e+00   1.6141703e+00  -1.9694351e+00   5.8515113e-01   1.3617698e+00   1.5058909e+00  -4.6443847e-01   7.4806078e-01  -9.2548158e-01  -9.9191787e-01  -4.5312500e-01
   2.0000000e+00  -5.9853741e-01   3.1099716e-01   2.0342800e+00   1.1983252e+00  -1.1672074e+00   9.0356452e-01   9.2352411e-01   5.6752039e-01  -8.8183122e-01  -1.2061535e+00
   2.0000000e+00  -1.8875487e-01   2.2296631e+00  -7.1854663e-01  -6.3848674e-01   2.9905928e-01  -1.4484957e-02   6.0767556e-01  -3.0558055e-02   1.7499534e+00  -1.0312149e+00
   2.0000000e+00  -9.0474004e-01   4.4690610e-01  -3.6029356e-01  -3.3659742e-01  -1.6397636e+00   1.5116117e+00  -6.9478956e-01   1.5932760e+00   1.8104943e+00  -7.0499855e-01
   2.0000000e+00   5.3820775e-01  -1.8478707e+00  -6.6033236e-01   1.0777036e+00   4.2501814e-01  -1.4137815e+00  -7.0193231e-01   1.8680827e-01   3.8848074e-01  -3.8524234e-01
   2.0000000e+00  -2.4652582e-01  -6.0473419e-01  -2.3387361e-01  -2.0041168e-01   2.5727983e-01   1.2598776e+00  -1.6806604e+00  -5.9737781e-01  -1.1111620e+00   2.3685996e-01
   2.0000000e+00  -5.5263848e-01   7.1572943e-01  -4.1750978e-01   1.7949223e-01  -5.5818045e-01  -9.2967086e-01   6.9193028e-01   1.6001359e+00  -1.5682013e+00   2.0442273e-01
   2.0000000e+00   7.9503428e-01   8.5588051e-01   2.2372533e-01  -9.9523989e-01  -1.0853029e+00   2.0412021e+00   2.8720138e-02   6.1466342e-01   1.4512501e+00  -7.2330246e-02
   2.0000000e+00   1.5059490e+00  -4.1202932e-01   1.7327981e+00   2.0832135e-02  -1.2766825e+00   2.8645079e-01  -1.8947606e-01  -2.1549973e-01   1.5088699e+00  -2.0022268e+00
   2.0000000e+00  -2.5929071e-01   1.4226277e+00  -8.6713023e-02   1.0288526e+00   7.1157132e-02  -1.4595015e-01   3.1152305e-01   1.4082085e+00   2.5788711e-01   7.2211452e-01
   2.0000000e+00  -4.5329084e-01  -5.4124512e-01   8.2161481e-01   1.1187503e+00  -2.0226590e+00   6.0874348e-01  -6.6334905e-01   1.7181354e+00   2.2347503e+00  -5.3632029e-01
   2.0000000e+00  -5.9378208e-01  -9.1535706e-01   1.1785186e+00  -7.2465337e-02   1.1524543e+00  -1.8156190e+00  -1.2448198e+00  -5.1378256e-01   4.2051365e-01  -2.6705067e-01
   2.0000000e+00   1.6578769e+00  -8.7083957e-01   9.1456950e-01  -3.4000352e-02  -1.3257494e+00  -4.6584944e-01   2.8942625e-01  -7.9939318e-01   1.0489790e+00  -1.4433363e+00
   2.0000000e+00  -1.0596916e+00   7.3904022e-01   1.6344396e+00  -7.6993956e-02  -1.0906404e+00   9.0137455e-01  -6.4877356e-02   3.7841442e-01   6.2611453e-01   9.6387685e-01
   1.0000000e+00   3.1269660e-01  -8.3435296e-01   3.7400190e-01  -1.0175513e-01   1.0967203e+00   1.1670746e-01  -1.9816100e+00  -1.1765479e+00  -1.0669159e+00   1.2131162e-01
   2.0000000e+00  -7.5617449e-01  -1.6949670e-01  -1.3083468e+00  -5.9150777e-01   1.1348870e+00   1.7938396e-01  -1.3824512e+00  -6.0613045e-01  -1.2763841e+00   6.5120734e-01
   2.0000000e+00  -4.4428863e-01  -4.8812314e-01   1.0764908e+00   1.7779547e+00  -8.9474856e-01  -1.2920758e-02   4.8688698e-01  -1.9752728e+00  -6.6396849e-01  -9.1489439e-01
   2.0000000e+00   1.5168020e+00   8.2846930e-01  -1.1383209e+00  -1.4750158e-01   6.8196590e-01  -1.2211844e+00  -2.2543747e-01   2.6249117e-02  -5.0940028e-01  -6.9449823e-01
   2.0000000e+00  -2.2107663e+00  -9.0263745e-01  -3.1045389e-01  -4.1694436e-01  -6.1800575e-01   1.3649033e-01   2.9778692e-01   5.9190838e-01  -1.5552141e+00   1.8921496e-02
   2.0000000e+00   1.2356569e+00   7.9590845e-02  -2.4473182e-01  -2.4603139e-01   1.2322747e+00  -5.8124133e-01   1.4941023e-01  -3.1816647e-01  -3.5323089e-01  -2.5784575e-01
   2.0000000e+00  -1.4911237e-01  -4.2395683e-01   1.3970076e+00  -1.0403574e+00   9.0632574e-01   8.8808424e-01   2.1059725e+00  -1.8253694e+00  -1.5114026e+00  -1.8155065e+00
   2.0000000e+00  -1.5823630e+00   2.5883005e+00  -7.4688787e-01  -3.8799359e-01  -7.9926641e-01  -1.2413088e-01   4.5227075e-01  -6.7141894e-01  -2.9250088e-01  -8.6272519e-01
   1.0000000e+00   7.3628615e-01   1.3379020e+00   4.7625718e-01   3.4416520e-02   2.2215322e-01   6.0628772e-01   2.0348668e-01   9.1836048e-02  -6.5931963e-01  -9.6739959e-01
   2.0000000e+00   1.8316829e+00   1.4248360e+00   1.4115935e+00  -1.0940801e+00   2.5281415e-01  -1.4332768e+00  -6.9136306e-01   1.8180206e+00   1.7484769e-01   2.4184797e+00
   1.0000000e+00   1.1462419e-01  -1.1977296e-01  -5.9571028e-01   6.5464254e-02   9.2301376e-01  -9.2926632e-01  -3.2759644e-01  -6.6608325e-01  -2.0270233e+00  -3.6016991e-01
   2.0000000e+00  -5.2377773e-02  -4.4883465e-01  -6.2867020e-01   7.4758487e-01   6.1122663e-01   3.4415213e-01   1.5283937e+00   4.7379827e-01  -1.8465581e+00  -1.1584412e+00
   2.0000000e+00  -8.2602080e-01   6.2271720e-01   1.1448424e-01  -1.0289493e+00  -9.9414725e-02  -5.5982778e-01   2.3394666e-01   1.5585578e-01  -3.4725992e-01  -2.8121212e-01
   2.0000000e+00  -4.7450637e-01  -1.3991424e+00  -2.3400699e-01  -1.8123600e-02   1.2891414e+00  -5.5460473e-01  -1.8563390e+00   1.0635620e+00  -2.8782903e-01   1.0472213e+00
   1.0000000e+00   1.6230451e-01  -3.3620201e-01  -8.0281526e-01  -5.3746885e-01   2.4432392e-01   9.1627366e-03   5.3470373e-01  -5.6201772e-02  -3.2026269e+00  -8.8216932e-01
   2.0000000e+00   1.5037730e+00  -1.3915056e+00   4.2001455e-01   6.0503599e-01  -8.4601940e-01   2.0795299e+00  -1.7412681e-01  -1.4403674e+00  -8.9864586e-01  -1.1071760e+00
   2.0000000e+00  -2.7421476e-01   2.6398455e-02   4.1429034e-01   9.8996357e-01  -1.0517179e+00  -2.9454441e-02  -1.0385452e-01  -4.8852567e-01  -3.5324728e-01   5.1524964e-01
   2.0000000e+00   1.0622801e+00   1.0932079e+00   1.0747665e+00   1.0219355e+00  -1.6804448e+00  -6.2377104e-01  -5.9540976e-01   1.0954996e+00   6.5463775e-01  -9.9185904e-01
   2.0000000e+00   1.2432348e+00   1.9538421e-01   1.3875722e+00  -2.9600642e-01   1.1643567e+00  -1.0966586e+00  -6.4919599e-01   1.9071257e+00  -2.8016962e-01   8.7068966e-02
   2.0000000e+00   8.8503477e-01   1.3879880e-02  -1.6326833e-01  -1.9988373e-01   3.3913071e-03  -1.1744494e-01  -5.2462992e-01  -1.6608339e+00   7.3039253e-01   1.0952813e+00
   2.0000000e+00  -3.4780916e-02  -1.1643147e+00   7.9357746e-01   1.4328300e-01  -4.4213421e-01   5.4790153e-01   4.3488447e-01   8.3994756e-03  -5.2099274e-01  -4.1885594e-01
   2.0000000e+00   1.2220204e+00  -1.2267216e+00  -1.5293201e+00   1.2744935e-01   9.2218139e-01  -4.0573928e-02   2.3463305e-01  -4.6734673e-01  -5.1235114e-01   1.2151227e+00
   2.0000000e+00  -2.0475575e+00  -1.5872580e-01  -9.1051590e-01   1.2999908e+00   3.2268109e-01   7.5496017e-01  -5.7166487e-01   1.5083664e+00   3.6218087e-01  -4.0946658e-01
   2.0000000e+00  -4.1249857e-01   4.6264570e-01  -1.4887297e+00  -3.9130834e-01  -1.5901485e+00   5.3870632e-01  -3.2389180e-01   5.5136669e-01   2.7210825e-01  -1.5052764e+00
   2.0000000e+00  -7.3156502e-01   9.1246334e-01  -4.6726733e-01   7.8099903e-01   6.5624665e-01   7.4421811e-01  -2.3239021e+00  -1.1826183e+00  -2.2031643e-01  -4.3990518e-01
   1.0000000e+00   2.5790558e-01   3.8381877e-01   8.3755108e-01  -3.8269803e-01   1.0136516e+00   1.7604885e+00  -1.1479342e+00   5.5581065e-01   6.1002156e-01   5.0875580e-01
   2.0000000e+00  -2.4491275e-01   1.5023933e+00   9.9864270e-01  -1.7289147e+00   1.4498922e-01   7.5098399e-01  -6.6355485e-01   3.4782351e-01   1.5263272e+00  -1.8653812e+00
   2.0000000e+00  -8.0859408e-01   3.1727206e-01   9.4640658e-01  -1.2760012e+00  -3.8700209e-04  -5.6689794e-01   3.7112949e-01  -1.2000636e-01   5.5039403e-01  -7.6163751e-01
   2.0000000e+00   2.6512640e+00  -3.2049329e-01   1.8082295e+00  -1.5927576e+00  -9.1665283e-01  -2.6116659e-01   7.1103234e-01   1.4186387e+00  -3.9191038e-01  -1.5635118e-01
   2.0000000e+00   6.3621261e-01   1.5099772e+00  -4.4598591e-01  -9.0754073e-01   8.1612727e-01  -2.4474593e+00  -2.2644671e-01  -2.1542053e+00  -1.1867327e+00  -7.9788648e-02
   2.0000000e+00  -6.8394162e-01   2.9513893e-01  -1.1301173e+00   1.1864615e+00  -1.4952418e+00   3.1907370e-01  -8.2742893e-01   4.9187926e-01  -1.3112776e+00  -2.5895053e-01
   2.0000000e+00   1.2319159e+00   2.0459954e+00  -2.5249995e+00  -1.6923959e-01  -3.4295133e-01   7.9488026e-01   1.1079229e-01  -1.6561669e+00   3.5832307e-01  -1.6760271e-01
   1.0000000e+00   3.7699043e-01   1.7008039e+00   2.2189595e-01  -7.9581166e-01  -1.3615954e+00   1.2225408e+00   1.1399520e+00  -4.3678328e-01  -2.3477258e-01  -1.5405353e+00
   2.0000000e+00  -1.8046365e-01  -2.1156598e+00   3.8614224e-01  -4.2062425e-01  -2.6249531e+00  -3.5344410e-03  -2.4631000e-01  -2.1281899e-01   9.4089007e-01  -1.9393558e+00
   2.0000000e+00  -9.7957122e-01  -4.9521263e-01   1.8474794e-01  -1.6521186e+00   2.5945113e-01  -6.2156225e-01  -7.4830081e-02   3.6352905e-01   3.5320026e-02   3.0029743e-01
   2.0000000e+00  -1.0818066e+00  -2.2231320e+00  -4.9463260e-01   7.2421619e-01  -1.6792192e+00  -5.1895703e-01  -5.8148084e-02  -1.6504306e-01  -3.7891340e-01   1.6730589e+00
   2.0000000e+00  -1.2921317e+00  -1.0550788e+00   1.4436887e+00  -1.3257001e-01   1.5247768e-01   1.8936025e+00   1.0370869e+00  -1.6519888e-01  -1.2202857e+00   3.4246700e-02
   2.0000000e+00   7.1272847e-01   7.1696865e-01  -1.0268978e+00  -1.6803011e+00   1.7418409e+00   2.5978102e-01   8.5112702e-01   5.9746129e-01   9.4727782e-01   3.6720635e-01
   2.0000000e+00  -9.1044100e-01  -2.5892774e-01   2.5833432e+00   7.8082688e-01  -1.5422169e+00   8.3378173e-01  -1.3350288e+00  -1.5426810e+00   2.1220472e+00  -9.6509252e-01
   2.0000000e+00  -3.2168223e-01   8.0091270e-01   1.0397982e-01   1.7377839e+00   3.5912909e-01   1.0016925e+00  -7.7559434e-01   1.1583102e+00   1.7377829e+00  -1.3547716e+00
   2.0000000e+00   9.3971149e-01  -8.4682951e-01  -2.8088848e-01  -7.7893048e-01  -2.7601758e-01  -2.6900365e-01   8.9117517e-01  -1.2062951e+00  -5.8025082e-01  -5.3053415e-01
   2.0000000e+00   8.4983981e-01   4.9196336e-01   1.0577590e+00   6.7403211e-01  -9.9518769e-01  -7.6522809e-01   8.8921153e-01   6.9052641e-01  -5.0382854e-01  -4.6446097e-01
   2.0000000e+00  -1.9917191e-01  -2.4211072e-01   8.4833969e-03   7.0353379e-01   9.0288790e-01   2.2461024e+00  -1.7722892e-01   8.9718734e-01  -1.2095274e+00  -1.5979563e+00
   1.0000000e+00   3.8435225e-01  -2.9067027e-01   1.2806815e+00   4.8846197e-01   1.7589294e+00  -4.6640220e-01  -6.5379476e-01  -1.5079260e-01  -1.9701712e-01  -1.0079529e+00
   2.0000000e+00   2.1443958e+00   1.0203866e+00   1.6324862e+00  -1.5616534e-01  -4.6945090e-01  -1.3662707e+00  -8.8474844e-01   8.3619809e-01  -1.6464969e+00   2.5808641e-01
   2.0000000e+00   3.8914947e-01  -9.4948575e-01  -1.3001248e+00   9.3540588e-01   2.2517156e-01  -8.6366285e-01   1.1894679e+00  -8.0450426e-01  -1.3698324e+00  -5.3378665e-01
   2.0000000e+00   1.1308718e+00  -4.9001919e-01   7.7267185e-01  -7.2942457e-01  -4.4524732e-01   5.0035116e-01   1.6373101e-01  -7.7316390e-01   6.4865447e-01  -6.8503336e-01
   2.0000000e+00  -1.4351208e+00   1.6421132e+00   2.5329009e-01   5.5276150e-02   1.2066002e+00   7.1814813e-01   8.4951996e-02   1.0093496e+00   9.5432765e-01   4.2339404e-01
   1.0000000e+00   4.4553219e-01   2.0015607e+00   1.1023277e+00  -4.2570558e-01   1.0938781e-01  -9.3180356e-01  -1.0633964e+00  -4.4835913e-01  -4.5765431e-02  -3.0523695e-01
   2.0000000e+00   9.8082887e-01   1.0225321e+00  -1.7480162e+00   9.9758711e-02   2.1647315e-01   6.4772460e-01   1.0672232e+00   4.6777421e-01   4.2337082e-01  -2.3238895e-02
   2.0000000e+00  -1.0118859e+00  -4.3145014e-01   1.1344804e+00   3.1938005e-01   1.2292914e+00   2.8746682e-01  -1.1372182e+00   1.6061930e+00   1.2068919e+00  -9.1880225e-01
   2.0000000e+00  -1.4152313e+00  -2.5252868e+00   4.0154795e-01  -3.1945116e-01   9.2332966e-01   6.4988416e-01   1.5778093e+00   1.5041738e+00  -6.6410035e-03  -2.4527919e+00
   2.0000000e+00  -1.6071478e+00  -1.1545845e+00   1.6855379e+00  -1.2425334e+00  -6.4705659e-01   1.2292840e+00  -1.9040464e+00  -1.7548746e-02   1.9401196e-01  -1.8826020e+00
   2.0000000e+00  -1.0923846e+00  -5.9388625e-01  -2.0849424e+00   5.3599880e-01  -1.0256483e+00   8.8283366e-02   1.0965857e+00   1.7662891e+00   1.0740301e+00   6.4687109e-01
   2.0000000e+00   1.4454363e+00  -5.8360294e-02  -1.8529712e-02  -4.9161534e-01   1.5806027e+00   1.3578687e+00  -2.5184109e-01   7.6400067e-02   6.6757201e-01   8.8863121e-01
   2.0000000e+00   1.3445203e+00  -2.7887023e-01  -9.4084100e-02   7.2154672e-02  -2.7308082e-01   1.7051411e-01   1.5799006e+00   4.2059951e-01   2.0578580e-01   6.3307250e-01
   2.0000000e+00  -1.3247722e-01  -1.0333303e+00   2.1716849e-01   4.0083357e-01  -1.9279067e+00  -8.8627821e-01   1.7545654e+00  -1.2189797e-01  -1.0064376e-01  -1.6902582e+00
   2.0000000e+00  -1.2916027e+00   2.4342457e+00   2.5385261e+00   1.4656513e-01  -6.2181913e-01   1.8346000e-01   5.8968564e-01   1.4859731e-01  -4.5093397e-01  -2.0897799e+00
   2.0000000e+00  -5.4753140e-01  -1.5416855e+00   4.0248265e-01   2.6642501e+00  -2.3153169e-01  -2.8407357e+00   2.1269198e+00   7.0344418e-01  -1.8146650e+00   2.2540570e+00
   2.0000000e+00  -1.7285372e+00   1.4035442e+00   1.6314442e+00  -1.9211870e+00   4.5480865e-01  -1.3139723e+00   8.3522723e-01   3.8843282e-01   6.2968049e-01  -5.2470547e-01
   2.0000000e+00  -1.6169135e+00   1.4791403e+00  -8.8574260e-01   2.4279597e-02  -6.9431694e-01   1.9253330e-01  -1.5071456e-01   2.8927958e-01   9.4872993e-01   3.1783828e+00
   2.0000000e+00   8.4515851e-01   8.4725057e-01  -1.3198399e+00   2.4763373e-01  -2.0680809e+00   8.6968323e-02   1.2544047e+00  -9.3348583e-01   3.3597598e-01   5.1431277e-01
   2.0000000e+00  -1.5080801e-01  -1.7555696e+00  -3.8509052e-01   9.6580082e-01   1.0314308e+00   1.3048658e+00  -7.8967295e-01  -1.6115535e+00   9.6401931e-02   2.0634904e+00
   1.0000000e+00   6.6770282e-02  -2.7287367e-01  -8.6278880e-01  -3.9157522e-01   1.1636073e+00  -1.3125536e+00  -3.6192745e-01  -7.8714978e-01  -7.6843283e-01  -2.6882887e-01
   2.0000000e+00  -9.1825033e-01  -4.2283308e-01  -4.2922646e-01   2.2959233e-01   2.1779260e+00   5.4397881e-01   9.0724199e-01   6.7844422e-01  -8.5814055e-01   2.0129528e-01
   1.0000000e+00   6.1817777e-01   4.6472712e-01   5.3612564e-01   5.8362768e-01   2.6972041e-01   1.1312887e+00   9.1535314e-01  -6.9141856e-01   1.9589077e-01   3.2065034e-02
   2.0000000e+00   6.9079160e-01   1.1588792e+00  -2.8782241e-02  -1.8873291e+00   1.5072706e-01  -1.2355663e+00  -1.1646364e+00  -4.3405450e-01  -1.3530325e+00  -2.6922654e-01
   2.0000000e+00  -2.8292529e-01  -1.1222265e+00  -9.5727658e-01   5.8247856e-01  -2.8862762e-01   1.2852917e+00   3.5311820e-01  -8.0646098e-01  -9.4316327e-01   1.1549823e+00
   2.0000000e+00  -1.6965403e-01   1.4966015e+00   1.3930498e+00  -3.9107317e-01   1.0082741e+00  -7.2990354e-01  -1.9495111e+00  -3.5238767e-01   1.1539097e+00  -2.3399833e-01
   2.0000000e+00  -3.0226975e-01   1.3807478e+00  -8.2688909e-01   9.2678760e-01   7.5267227e-01   1.8882746e-02   5.6789285e-01  -1.6595313e+00   5.8134024e-01  -3.1872296e-01
   1.0000000e+00   5.6901542e-02  -1.5194509e+00   1.2463890e+00   6.0560870e-01  -3.1417048e-01  -1.2367279e-01  -1.6510811e+00   6.4708939e-01   5.2890210e-01   7.4173232e-01
   2.0000000e+00  -9.8085100e-01   4.3178188e-01   6.0408114e-01  -9.3213219e-02  -4.7253638e-02   7.3168122e-01  -4.2800297e-01   1.0641974e+00  -9.3013837e-02  -2.7002280e-01
   2.0000000e+00  -2.2033883e-01  -1.2328133e+00  -1.3386833e+00  -7.2775046e-01  -1.2253341e+00  -2.5064633e-01   1.0460019e+00  -2.5072032e+00  -1.1791422e+00  -2.1231599e+00
   2.0000000e+00  -2.6319311e+00   1.0027183e+00   9.0843106e-01  -1.1591551e+00  -8.9813842e-01   9.5787162e-02   5.7813230e-02   2.0249199e+00  -1.8973879e+00  -1.0769024e+00
   2.0000000e+00   1.1028916e+00   5.2143668e-01   1.1252933e+00  -9.9095912e-01   5.3938444e-01  -1.6433353e+00   3.7466340e-02  -9.1313822e-01  -9.8406419e-01   1.2709395e-01
   2.0000000e+00  -4.0107196e-01  -3.9138476e-01   5.0520757e-01  -4.8673766e-01  -1.6552762e+00  -4.7838592e-01   1.1393179e+00   1.1162644e+00  -1.9602654e+00  -1.1835900e+00
   2.0000000e+00   8.8027766e-01  -2.6917979e-01  -2.2167017e-01  -4.6860292e-01   2.2593380e-02   6.5406676e-01  -1.0137386e+00  -2.0430271e+00   2.7821218e-01   4.6212593e-01
   2.0000000e+00  -6.9052411e-01  -7.2543135e-01   4.6281469e-01  -5.7659511e-01   1.8702178e+00   2.1331529e-02  -3.0767111e-01   1.8198181e+00  -1.3812775e+00  -1.4649203e+00
   2.0000000e+00  -1.5427196e+00  -1.4521822e+00   1.6026832e+00  -1.2373546e-01   8.6390825e-01   1.0712840e+00   1.3163677e+00  -1.6306111e+00   7.3364851e-01   1.1848876e+00
   2.0000000e+00   6.5647689e-01  -1.0524654e+00   7.4384118e-01   1.3622517e+00   3.7041385e-01   4.4356591e-01  -1.1728595e-02   2.7178507e-01  -1.4721477e+00   3.8785976e-01
   2.0000000e+00   1.3168836e+00  -4.4465181e-01   2.8879540e-01   1.8592923e-01   5.6869677e-01   2.1175569e-01  -1.5455389e+00   1.1050686e+00  -8.9548138e-02   8.0620538e-01
   2.0000000e+00  -8.7573185e-01   2.2013008e+00  -9.6913218e-01   1.3180359e-02   3.3544593e-01  -5.3596801e-01  -2.7049972e-01  -6.1216620e-01  -7.9862514e-01  -9.4689468e-01
   2.0000000e+00  -1.2291586e-01  -1.3784438e+00  -7.1623049e-01  -7.2105969e-01  -2.8325732e-01  -2.3390972e-01   1.5070732e+00   1.1440210e+00   6.6646592e-01  -3.5485295e-01
   2.0000000e+00  -1.0271286e+00   8.9813560e-01  -8.6458795e-01   2.2061903e-01  -1.6529591e+00  -2.2360592e-01  -5.2063456e-01   1.4182162e+00   8.8005846e-01   7.1975805e-01
   2.0000000e+00  -2.5352257e+00  -1.1696824e+00  -1.0837932e-01  -5.6984990e-01  -2.0942289e-01   1.6669791e+00   1.4129644e+00   6.0209235e-01  -8.2469988e-01   3.0504898e-01
   2.0000000e+00  -7.2315773e-01  -1.3948526e-01   2.1461636e-01  -2.8147642e+00   1.2669060e+00  -2.2596377e+00   1.3071486e+00   6.1428888e-01  -1.8161520e-01  -4.8687075e-01
   2.0000000e+00   2.4243491e+00  -3.5355557e-03   4.9627098e-01  -1.7959602e-01   1.5595486e-01   8.1830269e-01  -1.4815849e+00   3.4405820e-01   1.2225592e+00   8.4499557e-01
   2.0000000e+00  -1.3666038e-01  -1.1613190e+00   7.9943466e-01   8.0755832e-01  -1.3733538e+00  -1.1173244e+00   1.6052438e+00   7.0328247e-01  -3.9468458e-01   5.4412316e-01
   2.0000000e+00  -6.6613215e-01  -1.4847882e+00   2.5910656e-01   1.0138728e+00  -9.5592913e-01   8.8438545e-01  -2.9635922e-01   8.8110137e-01   8.5034527e-01   2.7698089e-01
   1.0000000e+00   5.4285685e-01   3.9523295e-01   1.2981593e+00   2.0152133e-01  -9.3986362e-01   9.0452811e-01   1.6741875e-01   2.5313525e+00   3.2210345e-01  -1.5109559e+00
   2.0000000e+00  -2.2098472e-01   1.3365502e+00   3.0909603e-01  -2.9540002e-01   2.6592049e+00  -7.6581887e-01  -5.8793520e-01  -2.0337479e-01  -1.5544642e+00   2.9432918e-01
   2.0000000e+00   6.4365608e-01  -3.5322657e-01  -2.0423310e+00  -1.4004407e+00  -5.1377131e-01   3.1735689e+00  -6.3118309e-01   8.0667291e-01  -3.1149402e-01   1.0902067e+00
   2.0000000e+00   9.2134491e-01   1.1787316e+00  -1.6124599e+00   1.0017934e-01   1.3406641e+00  -4.5919800e-01   6.1950369e-01   6.8737386e-01  -8.4812781e-01   7.6089262e-01
   2.0000000e+00   8.1500455e-01   5.9740587e-02   7.8560298e-01  -6.9614409e-01  -1.0783543e+00   3.0269770e-01  -1.5519302e-01  -3.4543545e-01   9.6635844e-01  -7.0369614e-01
   2.0000000e+00   1.4464783e+00   3.8059236e-01   1.0245319e+00  -1.0316639e+00   3.0460931e-01   7.6414024e-01  -1.7952089e+00  -1.5148338e+00  -3.6446706e-01   5.8833351e-01
   2.0000000e+00   1.0633852e+00  -5.1667118e-01  -1.9456499e-01   5.1863958e-02  -1.3016725e+00  -6.6372511e-01   7.7534518e-02   7.6102259e-01   1.2206686e+00   1.6972287e+00
   2.0000000e+00  -1.3685600e+00  -2.3948219e+00   1.7243772e+00  -5.3321406e-01   7.1880636e-01   1.8116987e+00  -3.7953664e-01   1.1613788e-01  -7.1026073e-01  -6.5045591e-01
   1.0000000e+00   2.8692106e-03  -1.6207788e-01  -1.4090179e+00   7.8956212e-01  -6.9967961e-01   1.1136077e+00   1.1108956e+00  -6.8031969e-01   3.2579177e-01  -1.1003820e+00
   2.0000000e+00  -4.1856760e-01  -6.8947383e-01  -5.2759170e-01   1.0503593e+00  -7.5122951e-01   2.2488989e+00   2.7578312e+00  -1.6294204e+00  -6.1779224e-02  -1.8929341e-01
   2.0000000e+00   1.3500402e+00   1.2356885e-01  -3.2024249e-01  -1.1282876e+00   1.2229619e+00  -2.8695303e-01   5.9149818e-01   5.6004266e-01  -1.8939183e+00  -4.5900767e-01
   1.0000000e+00   2.4458472e-01   2.7091051e-01  -6.1455368e-01  -1.1059464e-01  -3.9144914e-01  -7.4226947e-01   4.8270903e-01  -2.1059211e+00   3.2016738e-01  -7.3459835e-01
   2.0000000e+00   6.4706633e-01  -3.6697107e-01  -4.5902986e-01  -1.5213663e+00  -1.2031635e+00   5.2484076e-01   8.8401474e-03   1.2136561e+00  -1.5132486e+00  -4.4291875e-01
   2.0000000e+00  -1.6891399e+00  -5.5446164e-01  -7.7672059e-01  -2.1927261e-02   1.1101089e-01   1.3793831e+00   8.3453131e-01  -1.9763964e+00   6.9513460e-01   1.6417822e-01
   1.0000000e+00   3.4828008e-01   4.4386416e-01   8.1121555e-01  -3.5306642e-01  -7.7289110e-01   1.0424636e+00  -3.7989902e-01  -8.3486668e-01   1.5658190e-01  -1.9244322e-01
   2.0000000e+00  -2.6231085e-01  -6.4381225e-01  -3.3062295e-02   1.1744751e+00   1.7853470e+00   3.0318769e-01   2.3784697e-01  -6.4200793e-01   1.7726229e+00   5.7581758e-01
   2.0000000e+00  -2.6296967e-01   1.1265739e-01  -2.0627366e+00   1.4895099e+00  -2.4051440e-01   2.4779541e-03  -2.6701751e+00   1.4765239e+00  -1.5447637e+00  -2.0893788e-01
   2.0000000e+00  -1.2368295e+00   5.7465738e-01   5.5689797e-01   6.8176326e-01  -7.8535580e-02  -4.2888124e-01   3.6717484e-01  -2.4069134e+00  -1.7402156e-01   2.4051869e+00
   1.0000000e+00   6.2475183e-01  -3.2023111e-01   3.8318507e-01  -5.1471025e-02  -1.3974942e+00  -1.6575467e-02  -3.3846544e-01  -1.7134495e+00  -1.3282539e+00  -5.5825417e-02
   2.0000000e+00   2.5141002e+00   6.3400407e-01   1.5861010e+00  -1.9294306e-01   2.4585126e+00   7.2022010e-01  -1.1858544e+00   1.4520910e+00   1.4267724e+00   8.4391714e-01
   2.0000000e+00   1.3821742e+00  -2.4636696e-01   2.3862883e-01   1.1349027e+00  -8.3932841e-02   7.7667522e-02  -6.6604224e-01  -1.2055868e+00  -2.6085304e-01  -1.2199821e+00
   1.0000000e+00   3.1713418e-01  -2.5316974e-01  -5.9151900e-01   2.4908091e-01  -8.2261962e-01   4.9024519e-01   3.4030658e-01  -7.1366452e-01  -6.3279985e-01  -8.1125809e-01
   2.0000000e+00  -3.4694251e-01   1.0189236e+00   1.3200342e+00   3.2463654e-01  -2.4190313e+00  -8.2198814e-01  -2.4062732e+00  -9.9240920e-01   1.5244143e-01   7.1628258e-01
   2.0000000e+00  -1.0254410e+00   4.5344174e-01  -7.7543955e-01  -7.1704690e-01  -8.1518111e-01  -1.6030227e+00  -2.1239891e+00   8.9217017e-01  -4.7028692e-01   7.2517571e-01
   2.0000000e+00  -1.0601637e+00  -6.1995837e-01  -4.7658406e-01   1.0009794e+00   8.8408773e-01  -3.8669651e-01   1.5673457e+00  -1.0264701e+00   1.2914815e+00   1.9934588e-01
   1.0000000e+00   4.0722400e-02   4.1976422e-01  -5.3175340e-01   6.3736623e-01   8.8710900e-03   1.3497092e+00  -5.2252428e-01  -1.6503144e-01  -5.9823063e-01   1.4800911e+00
   2.0000000e+00  -3.7622097e-02   1.6897824e-03  -6.9304852e-01   5.7867107e-01   1.0175081e+00   1.0774804e+00  -5.1893646e-01   3.4359240e-01  -7.5821154e-02   2.3159083e-01
   2.0000000e+00  -1.6875469e+00  -4.0106550e-01   3.6094976e-01   1.1947629e+00  -1.7691609e+00   1.2701932e-01  -1.8904635e+00  -8.5190459e-02   3.2897899e-01  -2.7113568e-01
   2.0000000e+00  -1.5977825e-01  -8.1615031e-01   1.0770813e-01   8.3679605e-02   6.4003163e-01   3.9946335e-01   3.8128688e-01   6.3822856e-01   2.0392856e-01   5.4755891e-01
   2.0000000e+00  -1.5795036e+00  -4.0527119e-01  -1.8361474e+00  -1.2121478e+00  -9.1886304e-01   7.7261180e-01   1.8500610e+00   5.0981359e-01  -6.8141165e-01  -5.2668221e-01
   2.0000000e+00   1.0015533e+00   4.1565399e-01   4.3534699e-01  -7.7919256e-02   1.5565484e-01  -1.4048336e-01  -1.7225858e+00   6.2531896e-02  -1.1452766e-02  -8.6815442e-01
   2.0000000e+00  -1.2978628e-01  -1.1858912e+00  -8.2660130e-01   1.9568426e-01   1.5275143e+00  -5.8360599e-01   7.2684312e-01  -1.0377973e+00   3.7922069e-01   3.8334892e-01
   2.0000000e+00   1.0921150e+00   3.1687877e-01  -1.2316273e-03   1.3476083e+00   6.7913732e-01  -7.4626687e-02   5.3830931e-01   1.0861561e+00  -1.2555721e+00   5.1473410e-01
   1.0000000e+00   1.5590694e-01   3.3994633e-01  -4.7548784e-01  -4.6596726e-02   2.6602464e-01   1.3045406e+00  -1.1418561e+00   1.5411940e-01  -1.0183713e+00  -6.2104202e-01
   2.0000000e+00   9.6032711e-01   3.6748850e-01   2.4317484e-01  -9.5994823e-01   7.7692892e-01   6.8921870e-01  -4.2380002e-02   1.8253691e+00  -7.9142309e-02  -2.8957886e-01
   1.0000000e+00   3.7815529e-01   6.0178983e-01   4.6877022e-01   5.9553232e-01   2.2430482e-01   7.5452678e-01   5.3081131e-01   1.9920812e-01   8.4791042e-01   1.6394294e-01
   2.0000000e+00  -7.4830693e-02   2.8192646e-01  -7.6077091e-01   1.4534190e+00   1.2999821e+00  -5.5086964e-01   2.1470303e+00   7.0338853e-01  -2.4507626e-01   1.7170929e+00
   1.0000000e+00   2.6102937e-01  -2.2206884e+00   4.5543672e-01   6.1041748e-01  -5.2862116e-01   1.2671664e+00  -7.3157103e-01   1.3105441e+00   1.5697914e+00   1.3818301e+00
   2.0000000e+00   1.8679696e+00   5.4459229e-01  -4.4430667e-02  -1.3378955e+00  -1.4490347e+00  -8.0449364e-01  -6.7573725e-01  -1.2697136e+00   2.1347632e+00   2.4231198e-01
   2.0000000e+00  -2.9513186e+00   8.6805358e-01  -5.8713672e-01   7.6318913e-01   1.1546067e-01  -9.3987982e-01   1.3917472e+00   1.2291898e+00  -1.2270865e+00  -1.1869456e+00
   2.0000000e+00  -1.3780854e+00   1.9004295e+00  -6.4535449e-02   7.0929252e-01  -9.6903266e-01  -2.0618717e-01  -5.8432005e-01  -1.0743040e+00   1.8481561e+00   1.2669482e-01
   2.0000000e+00  -5.6079426e-01  -1.5117559e+00   9.3025416e-01  -1.4276886e+00  -5.1953284e-01  -1.5263865e+00  -1.4398936e+00   2.2267779e+00  -1.2189514e+00  -5.6001931e-01
   1.0000000e+00   6.6737541e-01   1.4398221e+00   8.3222294e-01   1.0070431e-01  -1.7557093e-01  -2.4488299e-01   7.3239166e-01  -1.0187107e+00  -2.5822896e-01   3.0272758e-01
   2.0000000e+00   8.8318836e-01  -6.0029853e-01  -5.9103792e-01   7.7140583e-01   4.5926221e-01  -2.7555593e-01  -7.7892950e-02  -9.0811066e-01  -1.5700577e+00   8.6244022e-01
   2.0000000e+00  -2.2006891e+00  -3.8752833e-03  -4.3576332e-01  -4.5809254e-01   1.1613804e+00  -1.9574084e+00   7.7588660e-02  -5.5337628e-01   1.2147817e+00   2.3118260e-02
   2.0000000e+00   8.1983083e-01  -1.2642304e+00   8.5075983e-01   7.0033697e-01   1.1254921e+00  -4.5094284e-01   2.2872858e+00  -9.8705129e-01   7.9307064e-01  -8.2466742e-02
   2.0000000e+00  -9.3214437e-01  -7.5207277e-01  -1.9968603e-01   8.1457377e-01   1.2922123e+00   1.1592077e+00  -7.4753864e-01  -4.8171976e-01   1.3391863e+00  -1.0951263e+00
   2.0000000e+00   4.1087998e-01   2.8408599e-01   1.2094994e+00   8.4439775e-01   1.6484403e+00  -8.5424790e-01   4.0803254e-01  -4.3154049e-02  -6.0480948e-02   8.1471572e-01
   2.0000000e+00  -1.8785811e-01  -7.5850135e-01  -1.3048755e+00   1.5036619e+00  -1.3434259e+00   1.5766578e+00  -1.9260505e+00  -9.4092100e-01  -1.4671689e+00   6.2590996e-01
   2.0000000e+00  -8.3453974e-01  -1.7451668e+00   5.0109962e-01  -1.9757191e+00   5.7586664e-01  -9.4767115e-01   1.0195330e+00   1.5038099e+00  -1.0584676e+00  -2.8514539e-01
   2.0000000e+00  -1.7576681e-01   8.6721418e-01   2.9026804e-01  -1.9894642e+00   2.9013937e-01  -3.2961592e-01   1.4097011e+00  -1.9158443e+00  -1.3419626e-01  -1.2986136e+00
   2.0000000e+00   1.1232054e+00  -5.3018221e-01   8.1001892e-01  -1.9574159e-01  -2.2701606e+00  -2.6641004e-01   4.5111103e-02   2.3868939e-01  -4.0003529e-01   9.2266355e-01
   2.0000000e+00  -8.5688895e-01   7.2294572e-01   4.7093347e-01  -5.0955319e-01   1.2085056e+00   3.4482243e-01  -4.1469531e-01   7.8546801e-01   1.5970642e+00  -8.9868986e-01
   2.0000000e+00   1.0149669e+00  -1.2638711e+00   8.3163638e-01   5.2367546e-02  -6.8895113e-01  -8.9557379e-01   7.2144228e-01  -2.1474377e+00   1.7636591e-01  -1.0207370e+00
   2.0000000e+00   2.1819574e-01   6.7641282e-02  -7.4348473e-01  -1.3405170e+00  -3.4747908e-01  -2.9981390e-01  -2.0455229e-01   2.7285106e-01  -9.3672649e-01   8.2511222e-01
   2.0000000e+00   1.9622118e-01   8.1664372e-01   1.4831232e+00   2.1316570e+00  -5.9281655e-01  -1.8557989e-01   7.7880627e-01  -9.2835864e-01  -1.1336463e-03   5.9555207e-01
   1.0000000e+00   3.2087280e-01  -1.2967860e+00   2.4559519e-01   1.0828671e-02  -8.4891536e-01   9.1724544e-01  -1.1496587e+00   4.9088252e-01  -1.4371109e+00  -3.4784948e-02
   2.0000000e+00  -5.2747703e-01   2.6188793e-01   8.5991559e-01  -8.7227670e-01  -2.0959543e-01  -1.7726906e+00  -1.2600708e+00  -1.0118154e-01  -1.2245674e+00  -5.1408160e-01
   2.0000000e+00  -4.9538174e-02  -4.1930371e-01  -6.9601433e-01   3.8840521e-01   2.4113291e+00   8.0617030e-01  -1.6627920e+00   4.0616136e-01  -4.5469987e-01  -5.5404699e-02
   2.0000000e+00  -2.2531806e-01  -1.2925995e+00   1.2262504e+00  -1.2547095e+00  -4.4039222e-01  -2.1692303e-01   8.2419808e-02  -3.2179925e-01   2.8302334e-01   6.1787184e-01
   2.0000000e+00  -7.8579659e-01   8.4224644e-01  -1.3362777e-02   5.3486756e-01   1.0426802e-01   9.0486372e-01  -5.5104078e-02  -6.9908210e-01  -8.8556232e-02  -1.7856828e-02
   2.0000000e+00  -1.0895318e+00   2.7526569e+00  -1.4815993e+00  -3.0369792e-01   7.3821715e-01  -2.9981459e-01   1.7169335e-01   2.1505749e+00   1.0142505e+00   1.0106550e+00
   2.0000000e+00   3.3299410e-01  -7.4027132e-01   1.7641970e-02  -9.3769333e-01   8.9673949e-02  -4.7288996e-01   5.0835018e-01   5.1398456e-01   1.0035803e+00  -4.3938050e-01
   1.0000000e+00   5.3670031e-01   1.0968252e+00  -1.0603704e+00  -1.9363222e-01  -3.9316877e-01  -1.8137976e+00   6.1489957e-01  -2.7748412e+00  -1.0420886e+00  -5.3428318e-01
   2.0000000e+00  -6.8572522e-01  -1.9216975e-01  -1.6037633e+00  -2.3661198e-01  -4.2171276e-02   2.4059683e+00  -4.9932899e-01  -3.0026922e-01   1.9909504e-01  -3.0331360e+00
   2.0000000e+00  -6.3277218e-01   1.0692521e-01   4.1917438e-03   6.1596243e-01   5.6818146e-01  -7.3823009e-01   2.5114833e-01  -8.7409162e-02  -6.8787574e-01   7.0075826e-01
   2.0000000e+00  -2.6282144e-02   3.3764624e-01   4.5828756e-01  -2.0514719e-01   1.2041375e+00   1.8493351e+00   7.0721081e-02  -1.4140780e+00   7.7956364e-01   1.6574110e+00
   2.0000000e+00  -5.2240930e-01  -1.8736770e-01  -2.0100137e+00   1.5601116e-02   6.2945598e-01   5.7681615e-02  -2.2084231e-01  -1.5463662e-02  -1.9188223e+00  -7.9410970e-01
   2.0000000e+00   1.0415395e+00  -1.2894944e+00   1.5408118e+00   1.1484936e+00   1.7761976e+00  -1.3173273e-01   8.3047172e-01  -6.7759254e-01  -1.8762154e-01   7.5805077e-01
   2.0000000e+00  -4.1548543e-02   5.6016720e-01   6.7784612e-01  -2.2567715e-01   2.3272218e-01   7.8678956e-01   6.0462736e-01   1.3223231e+00  -1.2454924e+00   7.7888432e-01
   2.0000000e+00  -1.1850452e+00   4.1639966e-01   4.8752261e-01  -4.0697797e-01  -9.3461716e-01  -1.8052368e-01   1.1782205e-01   2.3339146e-01   1.0577779e+00   2.6142712e-01
