   2.0000000e+00   1.4788405e+00  -4.1466611e-01   1.1618745e-01  -4.8289021e-01   1.0972437e+00   5.5697226e-01  -1.4533914e-01  -1.3725366e-01   6.0374651e-01  -1.2843597e+00
   2.0000000e+00  -4.2264771e-02   4.2730948e-01  -7.5026767e-01  -4.7431910e-01  -7.9661721e-01  -1.7924253e+00   8.2530911e-01   3.8551455e-02   1.1101870e+00   1.3876484e+00
   2.0000000e+00  -8.5485594e-01  -3.4267788e-01   6.2784319e-01  -1.0297655e+00   1.8403310e+00   6.8068514e-02  -1.6703450e+00  -1.3033245e-01   1.1144655e+00  -8.9445147e-01
   2.0000000e+00  -1.6336540e+00  -7.7645152e-01  -1.7905281e+00  -9.1444773e-02  -1.4030878e-01  -5.5967037e-01   6.9085080e-01   8.0379689e-01   6.2087328e-01   1.4181206e+00
   2.0000000e+00  -7.8718251e-01  -1.2341451e+00  -6.1204457e-01  -9.1529031e-01  -1.7114577e-01  -6.2133659e-01  -1.4898640e-01  -1.0014141e+00   1.0617046e+00  -7.8025164e-01
   2.0000000e+00   1.4490256e+00  -8.5001483e-01  -2.6874723e-01   2.1776061e-01   1.0931126e+00   6.1001431e-01   1.0186061e+00  -4.1734471e-01  -1.3417274e-02  -2.8660070e-01
   2.0000000e+00  -1.6550332e-01  -4.5004215e-01   3.8116089e-01   2.5848952e-01   2.0677350e+00  -3.1715501e-01   6.0829587e-01   1.4643228e-01   1.5383594e-02  -4.5195910e-01
   2.0000000e+00  -1.6184619e+00   1.3058031e-01  -9.4226194e-01  -1.1684409e-01   2.8692817e-01   1.1592754e-01   4.2792915e-01   7.9661469e-01  -4.1166085e-01   6.5256251e-01
   2.0000000e+00  -2.9012499e-02  -1.4470908e+00   1.0277532e+00   3.3307188e-01  -1.0405914e-01   7.4092974e-01  -1.4361005e+00  -9.5818619e-02   3.8596698e-01  -5.3004762e-01
   2.0000000e+00   3.7128421e-01   6.4548335e-01  -7.5104847e-01   1.1204473e+00   7.9858720e-01  -1.3116759e-01  -8.7955309e-01  -4.3893550e-01  -2.9969811e-01  -2.8334518e-01
   2.0000000e+00   1.3398642e+00  -5.5561511e-01   1.7833149e+00  -9.8365453e-01   1.3537616e+00   2.2140828e+00   6.0025372e-01   1.5651733e-02  -1.6893150e-01   1.2412152e+00
   2.0000000e+00  -9.0825428e-01  -1.5783350e-01   1.4112616e+00   1.4945196e+00  -5.8101971e-01  -1.5451396e+00  -9.1345413e-01   1.3927186e-01  -1.4869900e-01  -9.6486968e-01
   2.0000000e+00  -3.9889166e-01  -1.7614946e+00  -1.4673800e-01  -4.7429513e-01  -6.4818954e-01  -1.4549206e+00  -4.7008930e-02  -1.1655315e+00  -4.8519943e-01   4.2245811e-02
   1.0000000e+00   5.5258238e-03  -6.4528813e-01   2.6336548e-02   2.4745258e-02  -3.1580365e-01  -1.3149161e+00   1.6459038e-01   5.4143587e-01  -7.7060052e-01   2.0338454e+00
   1.0000000e+00   5.7096382e-01   1.2250814e+00   9.0229600e-01  -6.0063048e-01   4.0499403e-01  -1.0127067e+00  -5.8843880e-01  -1.5250597e+00   5.3469022e-01  -9.8449801e-02
   2.0000000e+00  -9.6877506e-01  -3.1921263e-01  -1.5926984e+00   1.2966530e+00  -2.9170717e-01   1.2034646e+00   2.9729575e+00  -1.3504175e-01   3.1392953e-02   5.9411262e-01
   2.0000000e+00   1.7899167e+00  -1.2259603e+00  -8.1972604e-01   1.0127345e+00   9.3391419e-01  -7.9411447e-02   1.0401207e+00   3.3677262e-01  -9.8353833e-02   1.2815026e+00
   1.0000000e+00   7.3880272e-02  -1.7433173e+00  -7.5378647e-01  -3.0721859e-01  -2.0226477e+00   5.4405452e-01  -1.4671234e-01  -1.3821408e-01   7.0119827e-02   1.9823296e-01
   1.0000000e+00   5.9261614e-02   8.1301739e-01   2.9806149e-01  -3.0889024e-01   1.3438144e+00   7.3521960e-01  -6.8561472e-01  -5.8132367e-01   5.7074741e-01  -1.3891475e+00
   2.0000000e+00  -1.9868468e+00  -6.9742769e-01   1.2742457e+00  -8.5457746e-02  -6.6693915e-01  -1.4098017e+00   5.1902335e-01  -1.3810824e+00   5.3589651e-01  -8.9015113e-01
   2.0000000e+00  -7.6636869e-01  -1.6808996e+00  -1.2869311e+00  -1.3233062e-01   6.1790246e-01   6.2547845e-01   2.1340809e-01  -6.0487870e-01   6.4347689e-01  -6.1243613e-01
   2.0000000e+00   1.1372785e+00  -1.7316524e+00  -1.0610303e+00  -1.5154317e+00   5.9076276e-01   3.3438136e-01  -1.3512938e-01   1.9125399e-01   9.9350296e-01   3.2424599e-01
   2.0000000e+00   5.4774895e-01  -1.0822915e-01   2.9285971e-01   3.5507822e-03   1.0533000e+00   1.9138738e+00   7.2529276e-01   2.5139417e-01  -5.3597616e-01  -5.1172458e-01
   2.0000000e+00  -1.9961839e+00   4.5151758e-01  -1.5771765e+00   1.2931247e+00   1.3702186e+00   7.9020887e-01   2.4998454e-01   5.6279990e-01  -1.9978454e+00  -1.8132422e-01
   2.0000000e+00  -7.1074967e-01   1.5217685e-01  -3.9201555e-02  -3.0430134e-01  -2.8932165e+00   9.8399064e-03   3.4626087e-01   1.3210450e-01  -4.2341432e-01  -9.7141412e-01
   2.0000000e+00  -1.2529178e+00   1.2152819e+00   1.3833672e-01   1.6701443e+00  -3.4971554e-01   1.3008788e+00   4.1313323e-02  -1.2053644e+00  -6.8620638e-01  -9.0687096e-01
   2.0000000e+00  -1.2841140e+00   8.0154111e-01   1.0757505e+00  -3.8675940e-01   1.2997507e+00   4.5583992e-02  -1.4243965e+00   2.2287157e-01   1.3184716e+00  -1.2947055e-01
   2.0000000e+00  -3.0435366e-01  -1.8478223e+00  -2.3056260e-01  -8.3304472e-01   5.0342543e-01   6.2113708e-01  -1.9105353e+00   7.3435172e-01   9.9297410e-01  -1.4784565e+00
   2.0000000e+00  -7.3213114e-01   3.4045655e-01   1.6358482e+00  -1.0080073e-01   6.1486631e-01  -9.9080879e-01  -1.2962539e+00  -4.9773010e-01   1.0309582e+00   5.2181036e-01
   1.0000000e+00   2.8387373e-01   6.1321374e-01  -9.9924126e-01   8.8945600e-02  -1.5120309e+00   2.9465082e-01  -6.4566366e-01   7.8363326e-01  -6.0591457e-01   1.0274115e+00
   2.0000000e+00  -3.5455895e-01   5.4962353e-01   2.5085215e+00   6.9137672e-01   3.5085794e-01  -4.6263281e-01   1.1987685e+00   1.5535190e+00  -2.7980519e-01  -7.8933184e-01
   2.0000000e+00  -1.1710692e+00  -6.1587622e-01   8.3474638e-01  -2.8737996e-01   4.0402867e-01  -7.3199616e-02   1.1009388e-01   5.7783929e-01  -5.2709497e-01  -1.8258209e+00
   2.0000000e+00   7.7108157e-01  -2.0403411e+00  -1.5187651e+00  -6.4292439e-01  -2.6835171e-01  -4.6402895e-02   2.5993453e+00   1.2961594e+00  -1.1882622e+00  -1.4551053e+00
   2.0000000e+00  -1.4467074e+00  -9.0666547e-01   1.3935899e+00  -3.8818787e-01  -8.1965202e-01   2.1264997e-01   5.4833287e-02   1.9398826e+00  -1.3818892e-01   1.8570430e+00
   2.0000000e+00  -8.0647763e-02  -1.8310185e-01   1.2204997e+00  -3.8621915e-01   1.1089375e+00   8.7660850e-02   5.1756721e-01   3.1402626e-01   2.8918269e-01  -7.0588869e-01
   2.0000000e+00  -1.4076560e+00   8.6814759e-01   9.0958013e-01   1.0327114e-01   1.3084656e+00  -1.1081579e-01   8.7582527e-01   1.2916594e+00  -7.1733039e-01  -1.1533747e+00
   1.0000000e+00   4.1820732e-01  -4.8733032e-01  -1.9226173e-01   7.6828455e-01  -4.0718135e-01  -2.0637768e+00  -3.8287776e-01  -7.5939931e-01  -1.0303599e+00   8.2218779e-01
   1.0000000e+00   1.8343145e-01  -1.3523311e-01   2.4232844e+00   1.3458854e+00   4.8097803e-01   2.3600405e+00   5.0689718e-01   1.4080507e+00   6.8185568e-01   4.9643618e-01
   2.0000000e+00  -1.3891648e+00   1.3414685e+00   8.0566773e-01  -2.6395531e+00   2.1932463e+00  -1.1251355e-01   3.3984640e-01   1.4893281e+00   4.4151401e-01  -1.0576247e+00
   2.0000000e+00  -1.0976508e+00  -9.0991597e-01  -2.0390644e+00  -7.8262555e-02  -8.4074691e-01   1.1613970e+00  -7.0612980e-01  -1.3920635e+00  -1.7289033e+00   7.3040683e-01
   2.0000000e+00   3.7830736e-01  -2.0983970e+00  -4.2856990e-01  -1.0380108e+00  -8.6638721e-01   1.6271139e+00   1.2363559e+00   7.3724978e-01   7.9016708e-01  -6.5668681e-02
   2.0000000e+00  -1.8386006e+00   3.9242454e-01   4.2616881e-01  -3.0156560e-01   1.7238559e+00  -1.6077253e+00  -1.8340128e-01   9.6126329e-01  -2.2159495e-04   8.2999939e-01
   2.0000000e+00   2.7293092e+00   1.4401657e+00  -4.7203590e-01   1.8665856e-01  -5.5190498e-01  -8.3412227e-01  -1.2247283e+00  -3.0424574e-01   1.1379368e+00  -1.6016105e+00
   2.0000000e+00  -3.3173106e-01  -5.8129306e-01  -1.0356814e-01   8.1565844e-01  -8.9463838e-01   2.3917670e-01   3.4102624e-01  -7.4974110e-02  -2.1197336e+00   1.0757344e+00
   2.0000000e+00  -2.1217069e-01  -1.6077392e+00   1.9665165e+00   3.3476789e-02   1.8197264e-01   1.3068459e+00  -3.6555300e-01  -7.8085885e-01   8.6234217e-01   6.8266938e-01
   2.0000000e+00   3.0012571e-03   4.9882809e-01   1.0798254e-01   3.4019322e-01  -1.1733235e+00  -3.8377905e-01   1.5082191e+00  -6.2151660e-01   1.0407792e+00   2.1194983e+00
   2.0000000e+00  -1.1426722e+00   5.0801833e-01  -2.2391399e+00  -1.6307371e+00  -1.1538983e+00  -4.2802738e-03   1.2730853e+00  -1.3752462e+00  -1.2250371e+00  -1.8206006e+00
   2.0000000e+00  -1.5153382e+00   1.1034732e+00  -8.6435519e-02   1.0357302e-01   7.6987860e-01  -7.9034789e-01  -8.2631701e-01   1.1439179e+00  -1.2587971e+00   1.8686248e+00
   2.0000000e+00  -7.4287968e-01   1.4293884e+00   5.1481832e-01  -2.4526927e-01  -7.1740424e-01   9.5949027e-01  -1.5397263e+00  -2.6176071e+00  -1.3757595e+00  -9.3768388e-01
   2.0000000e+00  -1.7613926e-01  -4.2930640e-01   4.7201773e-01  -7.3253009e-01   6.7583879e-01  -8.5413573e-01  -4.4111384e-01   7.6037392e-02   6.5861908e-01   1.2091670e+00
   2.0000000e+00  -8.1015194e-02  -1.0394281e+00   1.9395302e+00   6.8103648e-01   1.9765191e-01  -1.4256543e+00   9.6695280e-01   3.8088521e-01  -1.4012015e+00  -1.7019572e+00
   1.0000000e+00   2.9475221e-01  -4.2508562e-01  -2.1319196e+00  -3.0559752e-01   1.0521525e+00  -2.1455883e-01  -5.2853700e-01  -8.4121020e-01  -4.7535757e-01  -5.1123877e-01
   2.0000000e+00  -2.5458351e-01  -5.0830244e-01  -1.8842641e+00   3.2934348e-01   7.0459986e-01  -1.5124180e+00   8.8791389e-01  -1.9352776e+00  -5.3436282e-01  -2.2360424e-01
   2.0000000e+00  -7.0897514e-01  -1.0433851e+00   3.7956608e-01   8.6675192e-01  -2.1538531e+00   1.1029288e+00   5.9963459e-01   1.4284475e+00   2.3865950e-01   1.4264429e+00
   2.0000000e+00  -9.4776758e-01  -4.5546092e-01   1.0600753e+00  -1.1386574e+00  -1.3309635e+00   1.8000519e+00  -7.3937286e-01   1.7246989e+00   3.9938381e-01  -1.2921665e-01
   1.0000000e+00   5.4278142e-01  -1.7724858e+00   2.1011327e+00   3.0631435e-02   1.0610733e-01  -8.2263278e-01   1.0976564e-01   1.1873594e+00   1.9751275e-01  -6.4353373e-01
   2.0000000e+00   1.6813009e+00   8.5796590e-01   1.1913170e+00   4.7264290e-01  -1.1044612e+00  -1.9556856e-01  -1.8678895e+00  -3.3451586e-01   6.1598518e-01  -2.1014030e-01
   2.0000000e+00   1.1860657e+00   1.0368728e+00  -8.1965404e-01   3.6972929e-01  -1.2012220e+00  -2.0351765e+00  -5.9564308e-02  -1.5669309e+00  -1.9581906e+00  -6.3841929e-01
   1.0000000e+00   5.3982876e-01   3.1568240e-01  -1.5732070e+00  -1.3434123e+00   4.2235377e+00   2.9317796e-01  -2.0731063e-01   8.3717901e-01   1.4270472e-01   1.5108753e+00
   2.0000000e+00   1.6962751e-02   1.1378556e+00   4.7247201e-02  -2.0427726e+00  -2.0943321e+00   1.7671075e+00   1.4332438e+00   2.8008631e-01  -4.8781297e-01   3.3516022e-01
   1.0000000e+00   2.2372068e-01  -2.4439072e-01  -1.8671155e+00  -9.0867247e-01   1.9692084e-01  -8.9777403e-01  -1.4390450e-01   5.2119206e-01   3.1284665e-01  -1.0637832e-01
   2.0000000e+00  -2.2226059e-01  -2.0085627e-01   7.8486266e-02   1.2372606e+00  -1.4670006e+00   1.9280130e-01   1.4527924e+00  -1.5423155e+00  -1.8121468e-01   1.4867628e+00
   2.0000000e+00  -6.2445227e-01  -4.0894694e-01   1.5118329e+00   8.0887604e-01  -1.2567186e+00   4.0277569e-01   6.2563780e-01  -8.5341028e-01  -3.4199068e-01   3.3435308e-01
   2.0000000e+00  -6.2590703e-01   3.9940479e-01  -9.9061075e-01   2.8361371e-01   1.0903075e+00   1.0537777e+00   7.1892087e-02   1.0656985e+00  -7.8192006e-01  -1.4014598e+00
   2.0000000e+00  -5.3733256e-01   1.3061274e-01   2.6366736e-01  -2.3898093e+00  -6.5510359e-01   7.4623519e-01   1.2149833e+00   6.7777653e-01  -7.4318588e-01  -1.7958661e-02
   1.0000000e+00   4.6207618e-01   7.6596166e-01   4.8283453e-01   1.1773365e+00  -6.7040003e-01   1.4318277e-01   3.3990993e-01  -2.5439804e-01   5.3311438e-01  -7.1298714e-01
   2.0000000e+00   1.4750410e+00   2.8222630e-01   6.3781840e-01  -3.4018463e-01  -1.1196308e+00  -9.9447060e-01   1.0354063e+00   9.6984819e-01  -6.6037318e-01  -5.9217241e-01
   1.0000000e+00   2.0709711e-01   3.8808241e-01   4.8607437e-01  -6.8313199e-02   2.2051591e+00   4.2682168e-01  -5.9586434e-01   8.0858610e-01  -1.1333048e+00  -1.1037434e+00
   2.0000000e+00   9.0761747e-01  -2.3947167e+00   1.2735066e+00  -2.3399552e+00   4.4651143e-01  -4.2825902e-01   8.7370542e-01   7.7879028e-01  -1.8907780e-01  -5.7784223e-01
   2.0000000e+00  -7.1296252e-01  -3.1341664e-01   1.2064004e+00  -9.2648741e-01  -2.6256330e-02   4.1538686e-01  -7.9121422e-01   1.6275312e-01  -2.0361002e+00   1.5938184e-01
   2.0000000e+00   1.4984559e-01   8.9426376e-01   1.0631331e+00  -3.8913814e-01  -8.7489159e-01  -4.9022898e-02   1.5347886e+00   2.3534390e+00   1.4145831e-01  -2.8056686e-01
   1.0000000e+00   1.1488912e-01  -4.5460068e-01   3.1701059e-03  -1.7104737e-01  -2.2726928e+00  -3.6968271e-01  -4.3203096e-01   2.6133208e-01  -2.2773619e-01   1.4262388e+00
   2.0000000e+00  -4.5407051e-01   5.0001686e-01   1.5734758e-01  -4.0683190e-01  -2.3713681e-01   5.7066790e-01   1.8442862e+00  -5.2101876e-02  -4.2149277e-01   6.0988007e-01
   1.0000000e+00   9.4411743e-02   1.7512081e-01   1.4859883e+00  -5.5716849e-01  -5.8316354e-01  -1.9664744e+00  -8.4350199e-01   2.1920693e+00  -1.4027086e+00   7.8865686e-01
   2.0000000e+00  -9.7148296e-03   1.1139801e+00   8.1704723e-01  -1.2389059e+00   7.9606594e-03   1.3585674e+00   8.2788496e-01   1.0280630e+00   1.4669319e+00  -1.0946162e-01
   2.0000000e+00   1.4187992e+00   1.2646525e+00  -4.1653954e-01   9.8243948e-01   2.1788139e-01   4.4998451e-01   1.1947226e-01   4.6036774e-01  -3.0562205e-01   2.3045747e-01
   2.0000000e+00  -5.5046545e-01   2.3399088e-01   1.3847953e+00   8.4533305e-02   8.2518036e-01  -2.3307129e-01   1.6125211e+00   4.3990410e-01  -8.6574969e-01  -6.6309447e-01
   1.0000000e+00   4.3679667e-01   1.5970244e+00  -8.3944269e-01   6.3090691e-01   1.1440246e+00   4.4723731e-02  -5.6171940e-01  -2.1444274e+00   1.6742151e-01   2.6643303e-01
   2.0000000e+00  -4.3013902e-01  -1.1545546e+00   3.0041299e-01   4.5225642e-01   1.0768533e+00   1.5531064e+00   1.0983784e+00  -2.5943546e+00   2.7848231e-01  -8.5310111e-01
   2.0000000e+00  -2.3341264e-01   2.6563578e-01  -5.2151645e-02   3.3336921e-01  -5.4740519e-01   4.2593816e-01  -1.7490179e+00  -1.1384063e+00   2.6431573e-01   6.3800390e-02
   2.0000000e+00   2.6128155e-01  -2.8701251e-01  -4.4850995e-02   3.6474205e-01  -5.0886402e-01  -7.3821324e-01  -1.0144301e+00   5.9818691e-01  -8.3465491e-02   5.2748255e-02
   2.0000000e+00  -5.6176350e-01  -6.4042271e-01  -4.7587004e-01   1.7231198e+00  -1.6720292e+00   1.2305865e+00   6.7037637e-01  -1.0365897e+00  -1.4657432e+00  -1.0527189e-01
   2.0000000e+00  -1.0957044e+00   1.2981788e+00  -1.0212868e+00  -4.8128733e-01   3.5739765e-02   7.9641690e-01  -1.1276521e+00   1.6135992e-01  -7.5927497e-01  -1.6247569e+00
   1.0000000e+00   5.9467268e-02   5.6112248e-01  -3.1614583e-01   6.5798908e-01  -1.1723069e-02   1.4374740e-01  -1.8819705e-01  -1.5792366e+00  -6.0385031e-01   1.3881195e+00
   2.0000000e+00  -3.6121120e-01  -3.2691824e-01   1.3337108e+00  -1.2357539e+00   1.2579413e+00   9.5238617e-01  -2.7209108e-01  -2.2811917e-01   6.2054527e-02   1.8986949e-02
   1.0000000e+00   2.7792821e-01   2.0881482e-01   3.8212872e-01   2.5209694e-01   1.3435565e+00   4.9824616e-01  -5.4914103e-01  -4.6360314e-01   1.2326332e+00  -9.8124541e-01
   2.0000000e+00  -2.1512346e-01   1.0100475e+00  -4.9281207e-01  -1.2066887e+00  -4.6081268e-01  -1.0141927e+00   8.1025625e-01   1.6375682e-02  -1.9544399e+00  -7.8801273e-01
   1.0000000e+00   5.0849512e-01  -3.7727750e-01  -1.6786971e+00  -2.0184773e-01   8.4106713e-01   1.4876452e+00  -3.1247459e-01   8.1839407e-01  -3.7431907e-01  -8.6459201e-01
   2.0000000e+00  -1.9921216e-01   9.1806292e-01  -3.8890627e-01   2.8137449e-01  -1.1483342e+00  -9.7271607e-01  -1.6260900e+00   3.5005316e-02  -1.2397055e-01  -1.1300185e+00
   2.0000000e+00  -6.1656093e-01   1.8213564e-01   1.2608605e+00  -1.7979432e-01   1.6039156e+00  -8.3471172e-01   4.9035582e-02  -2.4911736e+00  -3.3660133e-01   1.9970938e-01
   2.0000000e+00   5.5193097e-02   1.0030371e+00   4.9810614e-01   1.3242324e-01  -6.9633327e-01   4.6940150e-01   1.2491279e+00   1.1808347e-01  -9.7164614e-01   1.0202766e+00
   1.0000000e+00   3.4204543e-01  -1.2642895e+00   1.4980625e-01   2.6522468e-01   7.7848463e-01   1.0749306e+00   1.7199760e-01  -1.2531372e+00   1.0901109e+00   9.0726317e-01
   1.0000000e+00   7.1467129e-01   1.0151294e+00  -1.1559174e+00   1.2482207e+00   1.1273926e+00  -2.5048248e+00   3.1387993e-01  -6.2682697e-01  -1.2550340e+00  -7.7567325e-01
   2.0000000e+00  -2.2086951e+00   1.1506370e+00   1.0314484e+00  -5.1367450e-01  -4.3114273e-01  -3.8218657e-01   4.2704800e-02  -4.2413401e-01   1.0516216e+00  -6.4254060e-01
   2.0000000e+00   8.9976396e-01   1.6854546e+00   9.5184812e-01  -5.9952697e-01  -2.1084936e+00   4.8666034e-01   7.1867190e-01  -1.1834792e+00  -6.7397980e-01   2.3069953e-01
   2.0000000e+00  -4.0338611e-01  -8.3901348e-01   6.7930094e-01  -1.3382632e-01   6.9635855e-01   7.4797314e-02   1.6968961e+00  -1.5261738e-01  -1.2240229e+00  -2.4008970e-01
   2.0000000e+00   8.9280020e-01   1.0990237e+00   3.1988652e-01   2.1827089e-01   8.0836191e-01  -1.2068634e+00   1.4519586e+00   1.5474674e+00   4.9790963e-01   1.6784310e+00
   2.0000000e+00   5.7638779e-01  -5.2500839e-01   7.7138071e-02  -1.7123953e+00  -2.9475394e-01  -1.7083213e-01  -2.1810866e+00   1.6260860e-01  -2.2359726e+00   8.0362186e-01
   2.0000000e+00   1.3114316e-01  -1.4125473e+00  -9.8253449e-01   1.3596714e+00  -8.6265415e-01   5.3671818e-01  -1.0084549e+00   7.3271131e-01  -1.3625270e+00   1.3580728e+00
   2.0000000e+00   1.0074781e+00  -4.9545831e-01   1.0135934e+00  -1.3775796e+00  -1.0177740e+00   7.5447820e-01  -6.1423824e-01   1.5468777e+00  -2.1418025e+00   1.0541605e+00
   2.0000000e+00   1.3009710e+00   1.3742318e+00  -2.7335355e+00  -1.1480946e-01  -2.9621136e-02  -1.0479341e+00   3.6130534e-01   6.1440813e-01  -4.6585361e-01  -1.2929045e-01
   2.0000000e+00  -8.9726169e-01   1.3809837e+00   8.8250253e-01   6.5013842e-01  -8.3687899e-03   7.1595605e-01  -1.2747485e+00   4.2995805e-01   6.5319512e-01  -1.3729272e-01
   1.0000000e+00   3.2829455e-01   1.0596284e+00   8.4068056e-01  -2.0025263e-01  -1.7386511e+00   5.1446150e-01   2.3184095e-01   2.4868142e-01  -1.1345301e+00   8.7466430e-01
   2.0000000e+00  -9.4241118e-01  -9.5881014e-01  -4.1577688e-02  -3.1075575e-01   1.6538109e-01  -2.0089265e+00  -9.1966931e-01   9.0028880e-01  -4.3484352e-01  -2.7268133e-01
   2.0000000e+00   1.9043636e+00   7.3884384e-01   6.4610032e-01  -6.0281318e-01   7.0910260e-04   3.8279103e-01   1.5855113e+00  -2.2714804e-03   1.5545964e-01  -6.0406017e-02
   2.0000000e+00  -7.6171490e-02  -2.7924074e-01   1.0810032e+00  -3.0882231e-01  -6.5462649e-01  -5.5683311e-01   5.4409280e-01   2.1150472e+00  -1.3808132e+00  -5.4898344e-01
   2.0000000e+00   4.3354448e-01   3.8837076e-01   1.2538218e+00  -4.4024265e-01   1.8427417e+00   3.3815014e-01   4.3257667e-01  -4.9778267e-01  -2.3607173e+00  -7.6513657e-01
   2.0000000e+00   1.7073638e+00  -1.8192627e-01   1.1141288e+00   4.1080859e-01  -1.7934023e-01   2.3059937e-01   1.2205111e+00  -9.7020067e-01   6.7559396e-01   1.1739235e+00
   2.0000000e+00  -4.4537723e-01  -4.1355431e-01  -5.1364659e-01   9.3219553e-01  -1.7721105e-01  -2.4712240e+00   1.2078682e+00   8.9984042e-02   1.4562554e-01   8.8205020e-01
   2.0000000e+00   1.1529283e+00  -1.9852778e-01   5.1764335e-01   2.1678686e+00  -3.3279429e-01  -1.5451233e+00   1.7830335e+00   1.1263011e-01   7.0113194e-01  -1.0938622e-01
   2.0000000e+00  -9.4969330e-02  -7.8294499e-01  -1.2756751e+00   6.8203885e-01  -1.2923325e+00   1.1488321e+00  -2.3020684e+00  -7.3067389e-01  -7.3006688e-01  -6.6751982e-02
   2.0000000e+00   1.8323238e+00   1.0749110e+00   2.8093893e+00  -6.4014377e-02   1.6135773e-01  -2.9423419e-01  -1.4307566e-01   1.7956939e-01  -1.2877584e+00   5.1516495e-01
   2.0000000e+00   6.6310647e-01  -1.1846395e+00  -1.1571825e+00   4.4592868e-01  -6.0981755e-01  -1.3934705e-01  -6.4697507e-01  -6.2761019e-02   3.3249683e-01   1.7996697e+00
   2.0000000e+00   2.1131579e+00  -5.1479885e-01  -4.3460325e-01   2.0641066e-02   3.2658356e-01  -2.6887393e+00  -6.3334268e-01  -1.3622047e+00  -6.2902117e-01   1.0066984e-01
   2.0000000e+00  -7.8444906e-01   4.8706982e-01   9.3050485e-01   5.3338425e-01   8.0972262e-01   7.0769512e-01   6.8881052e-01  -2.0907364e-01  -1.8312918e-01  -1.0778994e+00
   2.0000000e+00   7.0120718e-01   2.8404581e-01  -1.3858515e+00   5.6733689e-01  -3.1825095e-02   8.5460271e-01  -7.1682814e-01  -7.5911747e-01  -1.1224314e+00   1.5965212e+00
   2.0000000e+00   1.4009122e+00   1.0164171e+00  -2.2143125e-01  -1.1591963e-01  -6.8531596e-02   1.1059151e+00  -1.8215311e+00   3.7291581e-01  -1.6859619e+00  -2.1254308e-01
   2.0000000e+00  -1.9996285e+00   5.6493599e-01   1.6862788e+00  -1.6177045e+00   1.1012929e+00   3.2125534e-01  -2.9864746e-01   1.7086210e+00  -2.2569572e-01   2.4299334e-01
   1.0000000e+00   2.5976839e-01   6.3155788e-02   5.5704417e-01  -4.9909927e-01  -9.8882218e-01  -1.5388516e-01   6.7328295e-01   7.1361816e-01  -1.1393472e+00   6.1954336e-01
   2.0000000e+00  -5.0576326e-01   1.1096344e+00  -1.9958648e+00   1.3569044e-01  -1.2058344e+00   5.5260699e-01   1.7733069e-01   6.0050294e-02   3.6832455e-01   9.5059935e-01
   1.0000000e+00   2.1618285e-01   8.3835306e-01  -9.0475686e-01   1.5250186e+00  -2.0796141e-01   4.2262902e-01   7.8667001e-01  -7.2160354e-01   1.5000541e-01   5.4478977e-01
   2.0000000e+00  -9.3959437e-01  -1.0781017e+00   8.3327144e-01  -1.3163940e+00  -1.3926107e+00   6.9938459e-01   3.5864938e-01   3.5094962e-01  -1.7326820e+00  -6.0824319e-01
   2.0000000e+00   2.7197592e+00  -4.8926521e-01  -3.8796834e-01   7.0557324e-01  -7.7933441e-01  -6.9451732e-01  -1.1212572e+00  -4.0497327e-02   4.6530178e-01   2.8351185e-01
   2.0000000e+00  -1.0626730e+00  -1.8584297e-01  -4.5204492e-01   2.8032004e+00  -1.0342480e-01  -4.8592130e-01   2.3102628e+00   1.4641111e+00   1.9090250e-01  -1.8232935e-01
   2.0000000e+00   1.5319218e+00  -4.0545817e-03  -3.3287606e-01  -7.5509709e-01   9.6446759e-01   2.2050602e-01   8.4453812e-01   1.9010635e+00  -8.5723284e-01  -1.7012022e+00
   2.0000000e+00   1.2441057e+00  -2.0333737e+00  -4.9042080e-01  -1.2062992e+00  -2.3793922e-01  -2.2439397e-01  -1.2809255e+00   8.3109254e-01   1.7224453e+00   2.2037735e-01
   1.0000000e+00   4.1113950e-01   2.3661763e+00   5.6074460e-01   9.1523636e-01  -6.2455846e-02   4.1765067e-01  -3.7743206e-01  -2.7353367e-01  -4.7576825e-01  -1.6083418e+00
   1.0000000e+00   8.3015400e-01  -4.0258956e-01   9.0731338e-01  -6.9304688e-01   1.4587300e+00  -4.7075818e-01  -1.5689503e-01   3.0393428e-01  -1.0872454e+00   1.2064394e+00
   2.0000000e+00   8.8532427e-01   2.2869167e-01  -1.8248759e+00   5.4650006e-01  -2.2442114e-01  -8.9359572e-01  -1.1357263e+00  -3.5751750e-01  -4.3080398e-01   7.3617561e-01
   2.0000000e+00  -8.1725383e-01  -1.3355364e+00  -7.9266404e-01  -6.4729637e-02  -2.6012799e+00   4.4339666e-01   6.0965295e-01   6.4598321e-01  -1.1035643e+00  -4.2611187e-01
   2.0000000e+00  -6.6137451e-02   1.1772942e+00   1.7717404e+00   8.8803633e-01   9.7021070e-02  -1.1563928e+00  -9.3008631e-01   1.9791544e+00   4.4772781e-01  -1.7674789e+00
   2.0000000e+00   2.0665190e+00   4.3304456e-01  -7.4990554e-01  -3.1440840e-01   6.9857936e-01  -2.1735764e-02  -8.3437845e-01  -1.3289613e+00   9.0689329e-01  -4.1424277e-01
   2.0000000e+00  -3.5362611e-01   7.2163921e-01   8.5534870e-02  -5.4956416e-01  -1.3775059e+00   1.7109474e-01   9.8737587e-01   2.3962741e+00  -7.4975356e-01   8.6066087e-01
   2.0000000e+00  -1.8006904e+00   1.4104062e-01   1.9896519e+00  -1.0795362e+00   1.4366837e+00   1.2020834e+00  -2.6820870e-01   4.5478352e-01  -9.8433873e-01   3.1985836e-01
   2.0000000e+00  -7.9902111e-01   6.8656365e-01   4.5472082e-01   6.9781463e-01  -2.9197362e+00   5.0376306e-01  -3.9342353e-01   2.2085571e+00   5.8864411e-01   1.6344635e+00
   2.0000000e+00  -3.1316993e-01   5.7114850e-02  -1.5793849e+00  -4.0798520e-01   7.4493187e-01  -1.6685274e+00  -5.1881879e-01   1.2440346e+00  -7.7571100e-01   1.3945008e+00
   2.0000000e+00   5.2494743e-01   1.4143900e+00  -1.1209310e+00   4.3510961e-01  -8.3097166e-01  -6.7115213e-01   1.5902672e+00   5.5781808e-01  -1.4635674e+00   4.7945599e-01
   2.0000000e+00  -1.6951930e+00  -3.0564561e-01  -2.4454812e+00  -6.1907514e-01   1.1180004e+00   9.5750371e-02   3.4501791e-01   5.4835303e-01  -2.5538382e-01   4.5761920e-01
   2.0000000e+00   8.7604167e-01  -7.6636403e-02  -1.6720668e+00  -3.4444535e-01  -1.0648294e+00   9.6537528e-01   2.2167523e-01   1.8087254e+00   9.4165993e-01   1.4509164e-01
   2.0000000e+00  -5.2491536e-01   2.1002113e+00  -9.1778765e-01  -1.3130720e+00   1.5820734e-01   8.3463940e-01   7.2266273e-01  -4.8779135e-01   2.5439851e-01  -1.0302855e+00
   2.0000000e+00  -2.8724588e+00  -1.4218771e+00   1.2078826e+00  -3.9006802e-01   9.0664986e-01  -7.6809304e-03  -6.0244219e-01  -6.2403656e-01   9.8785647e-01  -3.0517686e-01
   2.0000000e+00  -2.9895940e-01  -3.5296032e-02   2.2786772e-01  -1.2047882e+00  -2.6922660e+00   1.2616976e+00   6.0315071e-02  -2.9991913e-01  -4.6240420e-01   7.9063207e-01
   2.0000000e+00  -1.1327158e+00  -5.1583476e-01   3.5136701e-01   2.5229209e-01  -2.1951772e-01   7.3826073e-01  -2.8020322e+00  -4.5954499e-02   2.5059254e-01   7.6052180e-02
   2.0000000e+00  -4.1800966e-01  -9.7248211e-01   1.2008755e+00   5.0132420e-01   1.2481770e+00  -1.5994620e+00  -1.3112954e+00  -1.9673394e+00   1.0475616e+00  -1.1707821e+00
   2.0000000e+00  -1.6634931e+00  -2.7436718e-02  -1.3510666e+00   1.8155077e+00  -5.9361364e-04   9.6508276e-01  -1.7541890e-01   9.6470317e-03  -1.1678154e-01  -5.7391215e-01
   2.0000000e+00  -1.0533221e+00   6.1064607e-01   7.4513907e-01   3.0070955e-01   1.9821841e+00  -8.5977169e-02   9.1028943e-01  -1.3371100e+00   4.8096907e-01  -9.4967749e-01
   2.0000000e+00  -1.1110581e+00   4.1498984e-02  -7.8277169e-01  -2.3584439e-01  -3.8729424e-01   6.6450966e-01  -8.6285427e-01  -5.8622391e-01   1.2235401e+00   5.1873708e-01
   2.0000000e+00  -6.4501791e-01  -5.0185297e-01  -6.5793662e-01   2.9059531e-02  -1.3589745e+00  -2.2842202e-01   1.0555432e-01   5.5396082e-01  -2.8677896e+00   6.4256353e-01
   2.0000000e+00  -2.7307149e-01   1.2821483e+00  -1.8071708e+00   1.3037544e+00   8.4544624e-01  -1.0400789e+00  -7.8040659e-01   4.1294307e-02  -1.0499580e+00  -1.3430270e+00
   1.0000000e+00   4.5616456e-02   9.8456029e-01   5.2413393e-01   5.2228217e-01  -1.3288149e-01  -1.7024484e-01  -9.2440383e-02   7.9738935e-01   1.7478254e+00  -2.3060668e-01
   2.0000000e+00   2.7990867e+00  -7.8509185e-02   2.3269154e-01  -1.1944040e-01  -4.5236768e-01  -2.2098533e-01   3.3959171e-01  -1.2837747e+00   1.7087010e+00  -6.5583284e-01
   2.0000000e+00   5.8352631e-01   8.0023872e-01  -6.4716984e-01  -1.8768525e-01   4.7932717e-01  -1.9392656e-01   1.1281220e+00   9.8440436e-01  -4.2677862e-01  -7.4596427e-01
   1.0000000e+00   7.2022965e-01  -4.4090541e-01  -1.5496641e+00  -1.2376188e+00  -7.5808043e-01   1.2946292e+00   8.8343707e-02  -1.6746505e+00  -1.9649114e-01   1.0781371e+00
   2.0000000e+00   2.7614550e+00   2.2530805e-01  -5.9562092e-01   6.4308292e-01   1.0156862e-01   2.6214265e-01   7.3886003e-01   1.4580090e+00  -2.8313812e-01  -6.4118817e-01
   2.0000000e+00  -1.9398386e-01   7.1449375e-01   6.4457048e-01   2.8382046e-01   2.2856682e+00   1.8437074e+00   1.0035129e+00  -8.1872525e-01   2.1425273e-02   1.2176621e-01
   2.0000000e+00  -8.4412141e-01  -9.8196608e-01  -1.7990107e-01  -6.2503743e-01   5.5640246e-01   6.0996478e-01   1.3169934e+00   1.1143508e+00   4.5294562e-01  -3.4720299e-01
   1.0000000e+00   4.9924700e-02   1.7542238e+00  -1.3809644e+00   2.8274581e-01  -1.9698492e+00  -3.7007909e-01   6.6301514e-01  -7.1999239e-01  -2.2107589e-01  -2.5269699e-01
   2.0000000e+00  -4.9485106e-02   2.4224511e-01   2.5214266e-01   1.4551413e-01   8.9129913e-01  -5.1013850e-01  -3.6402995e-01   3.6337595e-01  -8.8824744e-01   3.0054994e-01
   2.0000000e+00   1.9500484e-01  -4.5571452e-01  -1.7979660e+00  -1.5045144e+00   2.1917209e-01  -2.9567058e-01   3.2562777e+00   6.6730660e-01   1.3654714e-02   1.2085982e+00
   2.0000000e+00   6.4979788e-01  -1.2095968e+00  -1.1987936e+00  -1.6353452e+00   1.4583667e+00  -1.7551096e+00  -2.4238953e-01  -7.6460316e-01  -2.0579053e+00   1.9305006e-01
   2.0000000e+00  -7.7957502e-01   1.6530628e-01   9.7225192e-01   5.0938433e-01  -7.0981595e-01   5.3073056e-01  -7.1553227e-01   8.9541418e-01  -5.3286886e-01   7.7574586e-01
   2.0000000e+00  -8.5613572e-01   1.8798357e-01  -6.8617082e-01  -1.3048026e+00  -8.1176453e-01  -3.1392515e-02  -1.4339906e+00  -3.7279839e-01  -1.0635341e-01  -4.7405044e-01
   2.0000000e+00   3.9703448e-01  -1.4786646e-01  -1.2408288e+00   1.4232893e+00   2.3800142e-01  -1.0069752e+00  -9.0675910e-01   1.7059185e-01  -1.0219209e+00  -1.3303808e+00
   2.0000000e+00  -1.3467120e+00   1.9221578e+00  -8.3515268e-01  -3.4429225e-01  -3.8723943e-01   2.2624961e-01   1.0496939e+00   2.3108018e+00   1.0157634e+00  -1.2069600e+00
   2.0000000e+00  -1.6762052e+00  -9.1869188e-01   2.3082189e-01  -5.1105667e-01  -1.2630559e+00  -8.3320259e-01   1.6121715e+00   5.8819069e-01   1.4637363e+00  -1.6233234e+00
   2.0000000e+00   9.8801823e-01   6.9659021e-02  -1.0828721e+00  -3.6067612e-02  -9.1376226e-01   1.9994987e+00   1.2666085e+00  -1.4025092e+00   7.6852882e-01   9.4228109e-01
   2.0000000e+00   1.1535585e+00   9.6983759e-01   3.3365710e-01  -2.4433506e+00  -8.5311562e-01   1.0910767e+00   1.9979903e+00   2.2284589e-01  -9.4886357e-01   8.4684747e-01
   1.0000000e+00   4.2730265e-01   2.7020612e-01   5.1178514e-01   6.0433609e-01   1.0035584e+00   1.3425071e+00  -6.3498168e-01  -5.0559146e-01  -6.4074032e-02  -4.7157649e-01
   2.0000000e+00   1.5445542e+00  -1.5099915e+00  -2.6236403e-01  -8.4610950e-02   1.5184979e-01   1.2943045e+00   7.3071432e-01  -1.0567280e+00  -1.3364101e+00   1.5836988e+00
   2.0000000e+00  -6.1215474e-01  -3.5314514e-01   2.6169969e-01  -1.0303020e+00   6.2016536e-01   1.2167377e+00   7.8946184e-01   2.1656739e+00  -5.1931507e-01  -1.4494301e+00
   2.0000000e+00  -9.1616006e-02  -1.2946020e+00  -1.0155208e+00   3.8025654e-01  -3.5184125e-01   1.7656546e+00  -7.8375121e-01  -8.5479961e-01   1.1163211e+00   1.1594672e-01
   1.0000000e+00   3.5199578e-02  -5.9499220e-01  -3.7880455e-01  -4.2753279e-01   1.0241383e+00  -3.0983237e-01  -6.6399498e-01  -1.0396676e+00   1.0461833e+00  -9.4178074e-01
   2.0000000e+00   4.6370113e-01  -7.8317082e-01   2.5601431e-01   7.7614778e-01   1.9284104e+00   8.7742668e-01  -9.0385030e-01   4.7703615e-01   2.2710300e-01  -3.3081913e-01
   2.0000000e+00  -3.7025305e-01  -4.8372115e-02   3.7117267e-01  -1.2323975e+00   5.9356549e-02  -2.0673634e+00  -2.5083257e+00  -2.1647916e+00  -1.4960006e-01   1.2116746e+00
   2.0000000e+00  -1.1344630e+00   1.0818800e+00   4.5131352e-01   1.4749457e-01   2.3278621e+00   1.7423371e+00   1.0453234e+00  -2.6983868e-01  -1.6487265e+00   4.2836131e-01
   2.0000000e+00  -1.0505012e+00  -4.9091023e-01   1.2593083e+00  -7.7941062e-02   1.1253419e+00   3.6532464e-01   1.0934048e+00   5.7986808e-01   1.4778611e+00  -4.3247903e-02
   2.0000000e+00   1.0405562e+00   4.8295812e-01   1.4697149e+00   1.3539421e+00  -4.9808752e-01  -1.3456384e+00   1.3440288e+00   8.3174929e-01   8.3943778e-01  -1.8637614e+00
   2.0000000e+00  -9.9517753e-01  -5.9827055e-01   1.2610695e+00   2.3417194e-01   4.0871902e-01   1.5876974e+00   1.6327718e+00  -1.3372749e+00  -8.9689626e-01  -1.1113879e+00
   2.0000000e+00   1.0887345e+00   2.2193496e+00  -1.4888597e+00   8.7236730e-02   1.0232226e+00  -2.5072984e-01   1.4875745e+00   1.4380207e+00  -3.8884077e-01  -1.1916550e+00
   2.0000000e+00   1.3747253e+00  -2.2590224e+00   3.2637108e-01   5.9556885e-01  -1.6644022e+00   1.3636914e+00  -8.3820172e-01   1.1081036e+00   1.4932613e+00  -2.1669493e-02
   2.0000000e+00  -1.2200939e+00  -5.4965501e-01  -7.2766540e-01   5.4774989e-01   6.3176823e-01  -7.2989832e-01   1.7627696e+00  -5.0745496e-01  -9.0043217e-02   1.1667691e+00
   1.0000000e+00   3.9979609e-01   1.8462328e-01  -8.7728243e-01   8.6201408e-01   2.6462345e+00   3.4761878e-02   5.2233184e-01   1.5848552e+00   4.9177132e-01   6.1755730e-01
   2.0000000e+00  -2.5604794e-01  -9.4973383e-01   1.4981746e+00  -7.7123323e-01  -6.7245977e-01  -4.2209522e-02   9.3952610e-01  -6.7082281e-01  -6.7883178e-01  -1.9043855e+00
   2.0000000e+00   4.9979808e-02  -1.4097141e+00  -2.2157318e-01   2.0070029e+00  -6.3237046e-01  -3.5313636e-01  -1.3687105e+00   9.7091868e-01  -1.1832709e+00   1.7000348e+00
   2.0000000e+00  -1.0290822e+00  -1.2000920e+00  -1.1205061e+00  -4.6754275e-01  -4.3378542e-01  -1.4834344e+00  -1.7491332e+00  -1.0300266e+00  -2.0889276e-01  -5.7257146e-01
   2.0000000e+00   1.0296890e+00   2.7735677e-01   1.2411840e+00  -4.6429944e-01  -6.2392055e-01  -1.2182407e-01  -7.7492839e-01  -8.4219624e-01   3.6928785e-01  -3.5824781e-01
   2.0000000e+00   1.4200287e+00  -1.5450666e+00   2.1987672e-01   1.7798863e+00  -1.4095131e-01  -2.2294986e-01   4.7753896e-01  -7.8748668e-01   1.9422923e-01   5.7191670e-01
   2.0000000e+00  -8.0817669e-01  -2.0160572e+00   3.4261356e-02  -6.5163126e-01  -3.4726359e-01  -5.2116838e-02   8.7438578e-01  -3.3756655e-01   1.3539084e-01  -1.0342651e+00
   2.0000000e+00   6.4455000e-01   2.9385073e-01  -1.3490054e+00  -3.9092783e-01   2.2868097e+00   4.5467950e-01   1.1453720e+00   2.2569608e-01   9.1397970e-01   1.6404433e-01
   2.0000000e+00   3.2316707e-01  -1.2710256e+00   1.4312884e+00  -4.6305240e-01   2.6913438e-01   5.5375536e-01   9.6516556e-01   2.5811401e-01   9.0463706e-01  -1.3661003e+00
   2.0000000e+00   1.6982178e-01   3.2588497e-01  -1.8735821e-01  -2.8621294e+00   1.8021979e-01  -1.1514246e-01   1.4766340e+00  -2.1317651e+00  -4.2144950e-02   2.8634312e+00
   2.0000000e+00  -2.1040992e+00   5.7147807e-01  -7.0800590e-01   3.6957130e-01   1.5622296e+00   7.1728330e-01  -4.8028090e-01  -7.9275760e-01   1.2049510e+00   1.6592281e-01
   2.0000000e+00  -4.5778112e-01   2.0512210e-01   1.0576002e+00   9.8792283e-01  -1.4007054e-01   6.1005861e-02  -7.0225934e-01   1.7458984e+00   2.1185717e-01  -1.4328231e+00
   2.0000000e+00  -7.3277318e-01   2.9625782e-01   6.0062587e-01   1.1942508e+00  -4.6344328e-01  -1.0800064e+00   7.7250450e-01  -1.7506177e+00   3.6703202e-01  -1.3688144e-01
   2.0000000e+00  -2.5250397e-01  -1.4533773e+00  -2.9797709e-01  -4.7802132e-01   1.3213544e+00  -8.5131109e-01   7.2850361e-01  -4.1913652e-01   2.0427151e-01   4.4583235e-01
   2.0000000e+00   1.5213480e-01  -1.9716893e-01  -1.6259812e+00  -1.8621535e-02   6.9514607e-01   1.7407895e+00   1.1147725e+00  -1.8419009e+00   1.7405169e+00   5.0095358e-01
   2.0000000e+00  -7.2457430e-01   5.4349085e-01  -1.2207528e+00   1.4346752e-01   1.3697441e-01  -8.7674926e-01   1.2256292e+00   2.1259443e-01  -1.5599017e+00  -1.0413632e+00
   2.0000000e+00  -6.5453548e-01  -1.2108008e+00  -8.6080036e-01  -1.7293152e-01  -4.4398070e-01  -1.9359688e-01   8.2220109e-01  -4.2271421e-01   5.1671303e-03  -1.3628111e+00
   2.0000000e+00  -6.2481926e-01   2.8369167e-01  -1.7054098e-01  -2.4950575e+00  -1.4185337e+00   7.0862071e-01  -2.6773783e-01   3.8497511e-01  -2.2032104e-02   1.8476458e+00
   2.0000000e+00   1.0154714e+00  -5.7584127e-01   5.9910446e-01  -1.2719545e+00  -3.6577684e-01  -8.8323862e-02  -8.4159780e-01  -4.4432240e-01  -2.5906629e+00  -4.5419686e-01
   2.0000000e+00  -5.6507885e-01  -4.1154689e-01  -2.4799324e-01   1.2745690e+00  -1.1467457e+00  -3.9735761e-01   1.0666764e-01  -2.8786983e+00   1.7094695e+00   1.5320086e+00
   1.0000000e+00   6.4961111e-01  -1.0747951e+00  -7.6952538e-02  -2.4702300e+00   1.8383962e-01  -7.7501124e-01  -3.3634599e-01   1.1207017e+00   8.4045415e-01  -8.3961675e-01
   2.0000000e+00  -2.3117493e+00   6.5847591e-02  -1.2566810e+00  -2.0850931e+00  -2.3454155e-02  -1.7463168e+00  -9.3586491e-01  -5.4880031e-01   3.9781061e-01   7.0404324e-02
   2.0000000e+00   6.2959163e-01   1.4692818e-01  -2.4358693e+00  -4.5964556e-01  -1.4312266e+00   3.3056581e+00  -2.0624471e+00   3.8768501e-01  -2.9718423e-01  -1.2721115e+00
   2.0000000e+00   6.4472204e-02   2.2194414e+00   4.3703268e-01   8.1471252e-01   1.4200134e+00  -1.8616041e+00   2.9590645e+00   2.9184844e-01   8.3485013e-01   3.7380474e-01
   2.0000000e+00  -5.4416660e-01   4.6106242e-01  -1.1089552e+00   1.2531722e+00  -7.5701008e-01  -6.6087215e-01   1.0113265e-01   1.2252271e+00   4.7698912e-01   1.7818581e+00
   2.0000000e+00  -3.8770147e-01   1.1623299e+00   8.3366924e-01   1.4551759e+00   1.5083641e-01   1.5710718e+00  -7.9038233e-01   8.2446432e-01  -5.1644009e-01   1.2601011e+00
   2.0000000e+00  -4.5358726e-01  -2.1619326e+00  -7.6016935e-01   2.2184918e+00   6.0623645e-02   1.8659843e+00   2.5156581e-02  -8.0223490e-01   1.9561859e-01  -1.0702875e+00
   1.0000000e+00   3.1112920e-01  -9.8325949e-02   7.0658153e-01   2.3310211e+00  -1.2926658e-01  -5.9783242e-01  -3.6171440e-01  -3.3633012e-01  -3.1895286e-01  -4.7832156e-01
   2.0000000e+00  -2.1311239e+00   8.6546279e-01  -1.2877084e+00   2.0150586e+00  -8.3079819e-01   5.1106645e-01  -3.8601661e-01  -9.0037244e-01  -4.1229658e-01   1.7831149e-01
   2.0000000e+00  -6.0549228e-01  -4.3696241e-01  -6.7893275e-01   4.4918716e-01   1.2196139e+00   4.8526884e-01  -1.4698699e+00   1.1387012e+00   2.8502302e+00   3.3395088e-01
   2.0000000e+00   3.6716520e-01   3.0260787e-01   6.2097825e-02  -8.7139538e-01  -5.4563182e-01  -7.1532709e-01  -1.2182617e+00  -6.7414448e-01   1.0625288e+00   1.6266692e+00
   2.0000000e+00  -3.1481882e-02   3.6466392e-01  -2.0254944e-01  -5.7179798e-01  -9.6411869e-01  -8.1423320e-02   1.0489840e+00  -4.4651200e-01  -6.1428443e-01   8.5031689e-01
   2.0000000e+00   1.7810887e+00  -6.7439595e-01  -5.2537595e-01   4.2435892e-01  -4.1649760e-01  -7.9713045e-01  -7.7953859e-01   7.8678168e-01  -1.2128924e+00   1.7727771e+00
   2.0000000e+00   3.2291164e+00   1.1226105e+00   9.1211103e-01   1.4800437e+00   1.0730015e+00  -5.8543368e-01   4.9620158e-02   2.2846408e-01   5.9934537e-01  -6.9618458e-02
   2.0000000e+00   5.0610003e-01   4.0086781e-01   3.4868106e-01  -1.0157875e+00  -1.0026602e+00  -1.3232588e+00  -1.2998168e+00   9.4498266e-02  -1.1257550e-01  -1.5297869e-01
   2.0000000e+00  -1.7881707e+00  -1.7979672e-01   6.0211930e-01  -2.6808889e-01  -7.7700850e-01  -5.8404102e-01   2.1148697e-01  -2.5697096e-01   9.0757839e-01  -3.9905006e-01
   2.0000000e+00   2.5779383e+00  -7.8397446e-01  -1.7052909e+00  -2.1887107e+00   4.7654389e-01   2.5850464e-02  -5.8663307e-01  -7.9944944e-01   1.4899138e+00   2.1725546e-01
   2.0000000e+00   2.5075236e+00  -8.4410800e-01  -5.3399286e-01   9.7691837e-01  -8.0047006e-01  -1.0792457e+00   1.9409944e-01   1.2004792e+00  -2.7460004e-01   1.0568280e+00
   2.0000000e+00   1.1505702e-01  -9.9125164e-01   7.0870885e-02   6.2518323e-01   1.9744805e+00   1.4601820e+00   1.6436024e+00   1.1397150e-01  -2.4228507e-02  -8.9078931e-01
   2.0000000e+00  -1.4191644e+00  -2.3122410e-01   3.1725310e-01  -9.8330619e-01   1.7739253e+00   5.7524136e-01  -9.0990158e-01   1.2018135e+00   1.0600326e+00  -1.5815902e-02
   2.0000000e+00   6.4185800e-01  -2.9954652e-01  -3.1834987e-01   2.3653142e-01   4.9233460e-01  -6.7868905e-01  -1.7794945e+00   1.2918251e+00  -9.7456972e-01  -6.0196095e-01
   2.0000000e+00  -1.7053449e+00  -2.6985206e+00  -6.8586253e-01  -1.1049004e+00   2.2675657e+00  -1.9670335e-04  -9.7441149e-01   4.0156159e-01  -8.4730010e-01  -1.7539699e+00
   1.0000000e+00   2.3311476e-01   4.6485296e-01  -5.9038822e-01  -5.3165630e-01  -1.2140446e+00  -2.0663853e+00   1.7117234e-02  -2.5780146e-01  -1.9076429e-01  -2.0114812e-01
   2.0000000e+00   1.4331503e+00   2.3471274e+00  -2.3385677e-01   3.0055403e-01   6.7297535e-01  -1.0933413e+00  -5.4876267e-01   1.0642646e+00   2.6305390e-01  -7.3187476e-01
   2.0000000e+00  -3.6251742e-01   5.4845146e-01  -4.4314276e-01  -4.0085566e-01  -1.2439382e+00   3.6017266e-01   7.3490939e-01  -3.6850871e-02  -4.7677622e-01  -3.3438758e-01
   2.0000000e+00  -1.8909786e-01  -1.4858780e+00  -2.2352748e+00  -4.8002824e-01   8.7893810e-01   2.0861934e-01   6.8063958e-01   2.0292966e+00  -1.0770242e+00   1.5401563e+00
   2.0000000e+00   1.9917559e+00   1.0868799e+00  -1.2920052e+00   7.5764938e-01  -4.7827654e-01   2.9794259e-01   5.7051724e-01  -5.6039638e-01   1.1239909e+00  -1.9840640e-01
   2.0000000e+00   9.5456202e-02  -5.4707749e-01  -6.4378459e-01   5.9203552e-01   3.4346271e-02  -1.4758904e+00  -1.4238689e+00   6.9218802e-01  -5.5540813e-01  -2.3550774e-01
   2.0000000e+00  -6.2499047e-02   2.3270277e-01   1.8967842e-01  -3.5220534e-01   1.4457244e+00  -2.1672592e+00  -3.0829992e-01   1.5954239e+00  -1.1983715e+00   4.9477126e-01
   2.0000000e+00  -2.4478010e-01  -1.1067266e+00  -1.0631050e+00  -4.3525056e-01  -2.5417107e-01   1.9850542e+00  -1.6227139e+00   3.2568667e-01   7.2888524e-01   3.7997733e-01
   2.0000000e+00   1.4921891e+00   9.2183152e-01   1.1645972e+00   1.8243268e+00  -3.6342134e-01  -9.3824384e-01  -7.1324671e-01  -1.4070116e+00  -8.5257106e-01  -2.9150504e-01
   2.0000000e+00   9.1496063e-01   1.0046428e+00   4.3819650e-01  -1.0163560e+00   7.8923251e-01  -6.3915539e-01   7.4407029e-02  -8.2286023e-01  -2.5625799e-01   4.8761282e-01
   2.0000000e+00  -2.7563664e+00   1.4313998e+00   9.9227542e-01   1.2111257e+00   6.0481339e-01  -8.5099902e-01   3.5198960e-01  -2.0953253e+00   2.2211615e+00   1.0067953e+00
   1.0000000e+00   3.1251019e-01   1.1082455e+00  -1.3540869e+00   3.0695273e-01   1.8010212e+00  -1.3592358e+00   1.2481081e-01   2.0433936e-01  -1.6694745e+00  -2.2217135e+00
   2.0000000e+00  -8.0473278e-01   6.6972202e-01   9.3645297e-01   1.9471702e+00  -6.2724753e-01   8.5840684e-02  -2.0779593e+00  -8.1213025e-02   4.6296746e-02  -7.9969915e-01
   2.0000000e+00   8.4850288e-01   2.6065822e-01  -4.1816603e-01   4.4224996e-01   1.3162082e+00  -5.1353399e-01  -1.1749427e+00  -2.6451239e-01   6.2586584e-01  -1.5923456e+00
   2.0000000e+00   7.1393954e-01  -1.2389860e-01  -3.5563977e-01   5.6400153e-01  -1.4854715e+00  -1.0885039e-01  -1.6935021e+00   2.3418193e-01   4.8119222e-01   4.1056124e-01
   2.0000000e+00   1.4214698e+00   1.9806100e+00   1.1135844e+00   7.0557102e-01   8.1368638e-01  -1.3627431e+00   1.0238566e+00  -8.3922731e-02   2.3699570e+00   5.0791904e-01
   2.0000000e+00  -4.2003473e-01   1.2839969e+00   1.4248707e+00  -9.3836478e-01   9.5527829e-01  -4.5888837e-01  -7.8746584e-01   1.2164324e+00  -1.2052433e-01  -1.4038962e-01
   2.0000000e+00  -1.7211877e+00  -8.6250680e-02  -4.5881196e-01  -7.4854074e-01   1.2256857e+00  -1.5232923e+00  -2.0260088e-01  -6.4709729e-01   8.6315823e-01   1.4825218e-01
   2.0000000e+00  -9.6266423e-01  -7.5157067e-01  -1.0687115e+00   9.3934582e-01  -1.2141239e+00  -1.9278136e-01  -1.4419000e+00  -7.1190303e-01   8.6432226e-02   8.9765205e-01
   2.0000000e+00   1.9182062e+00   1.7627956e+00   2.3836296e-01  -5.8231979e-01  -1.4248473e+00  -2.1198674e+00   9.9992477e-01  -3.2450744e-01  -7.7317179e-01   5.8185122e-01
   1.0000000e+00   5.0922471e-01   1.1753267e+00   9.8306820e-02   7.2177764e-01   7.3773466e-01  -1.0714460e-01  -2.3390846e-02   1.5597231e+00  -5.5490729e-01  -2.8210078e+00
   2.0000000e+00  -7.8083496e-01  -2.3017349e-01  -9.0933298e-01   7.5806133e-01   4.3042113e-01  -1.9046567e+00  -7.6682902e-02   2.8303695e-01  -2.6747747e+00   2.3545193e-01
   2.0000000e+00  -2.2912827e+00   2.0549368e+00  -7.4027980e-01   2.9263898e-01  -4.1698928e-02   8.3758873e-01  -5.2612154e-01   5.2815227e-01   4.4472991e-01   4.1675304e-01
   2.0000000e+00  -2.0796531e+00   1.1518627e+00  -1.8893521e+00   8.4756639e-01   4.2015683e-01   1.7156321e+00   2.2508318e+00   4.7412415e-01   2.4377268e-01   9.0562776e-02
   2.0000000e+00  -1.6895938e+00  -2.4207458e+00  -6.8333100e-01   1.0975441e-02  -6.5449943e-01  -3.2300082e-01  -1.1757955e+00   1.4536171e+00  -5.7851392e-02   3.4844909e-02
   2.0000000e+00  -1.1809332e+00   4.4579744e-02  -2.3828569e+00   5.7940820e-01  -9.5131239e-01   1.0089118e+00   5.8987412e-01   3.6417353e-01  -4.6542359e-02   8.7664459e-01
   2.0000000e+00   9.6506341e-01   1.2712003e-01   5.3973955e-01   1.2046427e+00   5.4373401e-02  -9.3782292e-01   1.0729557e+00  -9.8815465e-01  -2.2345359e-01  -1.7644856e-01
   2.0000000e+00   3.2139309e-01   1.4570838e+00   1.3990323e+00  -4.8133823e-01  -3.2253418e-01   4.3079586e-02  -1.5626962e+00  -4.1984345e-01  -1.0976406e+00  -1.4592099e+00
   1.0000000e+00   3.4753990e-01  -1.0329968e-01  -1.3116097e+00   2.6805642e-01  -4.2088462e-02  -1.9146155e+00  -3.2581336e-02  -1.5847711e+00  -4.8209734e-02   6.6642168e-01
   1.0000000e+00   5.3105684e-01   9.9783723e-01   1.1262148e+00   4.8901557e-01   5.1988773e-01  -6.3944689e-01   4.1094401e-01  -5.2316566e-01  -1.6128344e+00  -4.1608509e-01
   2.0000000e+00  -2.3884814e-01   2.1826327e-01  -1.5130010e-01   1.3849898e+00   1.0113311e+00   2.6801496e+00   1.9356402e+00  -1.1362403e+00   2.6952752e-01   1.1619232e+00
   1.0000000e+00   6.3699153e-01   4.7525021e-01  -1.3932980e-01  -1.2368415e+00  -1.1819559e+00   3.4336779e-01   2.2674108e-01  -7.0530410e-03  -9.6874539e-02   8.5631104e-01
   2.0000000e+00  -5.5021839e-01   9.4775250e-01   9.4472982e-01   1.3556302e+00   1.9163876e+00   9.5116462e-01   8.7412682e-01   1.0286829e+00   1.4392620e+00  -1.4338659e+00
   1.0000000e+00   2.8254888e-01  -1.2290839e+00   5.8865971e-02  -1.5606711e-02   6.8726852e-01   4.2897011e-01   7.0773223e-02  -2.9687617e-01   6.0282762e-01   8.8536115e-01
   2.0000000e+00  -8.2926985e-01   8.6894500e-02  -2.6896459e-02  -3.1057128e-01   1.2976297e+00   7.5749851e-01  -4.8787963e-01   1.5339114e-01  -4.6121605e-01  -2.1406648e+00
   1.0000000e+00   2.1530077e-01  -6.9202418e-01  -3.8829167e-01  -3.4589277e-01   1.7516528e+00   1.3903362e-01  -3.6995665e-01   1.1391781e+00   6.1193751e-01   3.0844807e-01
   2.0000000e+00  -1.7778352e+00  -7.7127649e-01  -1.2496425e+00   2.9223449e-01   2.9178787e+00   1.0617719e+00   1.8668876e-01   1.1932869e+00  -6.5500076e-01   1.7172825e+00
   2.0000000e+00   8.0156842e-01   2.7674012e+00   1.0067556e+00  -9.3806356e-01  -6.9625533e-01   2.0206635e+00  -1.6503288e+00   1.1834675e+00   1.3198302e+00   1.8068440e-01
   2.0000000e+00  -1.0004996e+00  -3.0209915e-01   4.3873919e-01   1.0384405e+00   2.0178333e+00   1.7337523e+00  -1.9098064e-01   1.0275867e+00  -1.2759657e+00  -6.7813852e-01
   2.0000000e+00  -1.3390180e-01  -7.2561885e-01   7.9072658e-01   4.3838308e-01   1.3733593e-01   1.1413388e+00   5.6581371e-01  -1.5157595e+00  -1.9961305e-01   9.3896596e-02
   2.0000000e+00  -5.6621746e-02  -6.3932090e-01   7.2297580e-01  -3.2666176e-01  -7.9803923e-01   1.1613940e+00  -1.2284717e+00  -8.5779759e-01  -1.0056222e-01  -3.7523848e-01
   2.0000000e+00   2.4504725e+00   2.3422198e-01  -7.2639779e-01  -1.1273776e+00   1.4711071e+00   4.8510878e-01  -1.4728518e+00   6.6358630e-01   6.4481172e-02  -2.8276945e-01
   2.0000000e+00  -1.0301910e+00  -1.1827154e+00   8.6401587e-02  -5.7808239e-01   5.9171200e-01  -1.3370901e-01   6.4041677e-01   1.6034251e+00   4.8375058e-01  -8.4417724e-01
   2.0000000e+00  -5.3548833e-01   1.3459162e+00  -1.3460546e+00  -1.6937242e+00   2.3454982e+00   8.1537020e-01   7.5548947e-02   2.7623273e-01   3.8077052e-01  -3.5251510e-01
   2.0000000e+00   1.1647109e+00  -4.1373432e-01   1.0193369e+00   5.1165975e-01   1.2472646e+00   1.9525664e-01  -2.9361219e-01  -1.7364743e-01   5.6934815e-01  -1.0701176e+00
   1.0000000e+00   6.1794222e-01  -7.8867829e-01  -2.3858241e+00  -1.4146813e+00  -5.1573131e-01  -6.1690921e-01  -4.2180751e-01   1.7043570e+00  -6.8135836e-01  -2.9125250e-01
   2.0000000e+00  -6.0097627e-01   4.5636074e-01  -1.5541511e+00   8.7269955e-01   2.1734705e-01  -1.7620512e-01   7.2371372e-02   5.2367780e-02  -1.3647585e+00  -1.3521739e+00
   1.0000000e+00   2.6382791e-01   4.1306809e-01  -7.0365913e-01  -5.9138236e-01  -6.2143298e-01   3.4868104e-01  -4.5472110e-01  -4.4602327e-02   7.9087422e-01  -3.7919865e-01
   2.0000000e+00  -8.0667400e-01  -6.3854548e-02  -4.4649655e-02   4.1230825e-01   1.0726226e-01   4.9087352e-01  -1.8502390e+00   4.3487914e-01   3.8915439e-01  -2.8722029e-01
   2.0000000e+00  -3.7296492e-01  -1.4225070e-01   1.0838656e+00  -8.7749766e-01   4.5511424e-01   2.2855352e-01  -2.2991040e-01  -2.3003756e-01  -7.7965150e-01  -1.4526363e+00
   1.0000000e+00   4.5770217e-01  -2.3237088e+00  -4.2096009e-01  -4.0805072e-01   5.2315054e-01   2.0225649e-01  -2.0076058e-01  -3.5363920e-01  -1.3107185e+00   1.2807831e+00
   2.0000000e+00  -3.6252231e-01  -4.4153249e-01  -7.7688227e-01  -1.1324906e-01  -1.5132278e+00   2.9712883e-01  -3.9052843e-01   5.5047112e-01  -2.5802846e-01   2.9429613e-01
   2.0000000e+00  -2.4691663e-01  -3.9310005e-02   3.6973205e-01   1.4822726e+00  -3.4397309e-01   3.2759612e-02  -7.0798452e-02  -1.2128115e+00  -1.9920431e-01   1.8661566e+00
   2.0000000e+00   1.4874507e+00   1.1750956e+00   7.4338692e-01   6.9271191e-01   1.0830187e+00   1.1703948e+00  -9.0335366e-01  -6.2817753e-01  -1.5169958e-02   1.1710606e+00
   2.0000000e+00  -3.6173176e-01   8.6307869e-01   9.5671292e-01  -3.4769038e-01  -1.0584555e+00  -9.3734370e-02  -3.3862436e-01  -2.1445660e-02  -5.1212010e-01  -1.4915448e+00
   2.0000000e+00   1.6871076e+00   1.3567469e+00  -5.6915964e-01  -4.4342311e-02   2.3315144e-01  -1.0518971e+00   1.7070169e+00   8.4609115e-01  -6.2543356e-01  -8.1549609e-01
   2.0000000e+00   1.4625173e+00  -1.2565145e-01   2.4887330e+00   1.7984448e+00   2.5365222e+00  -8.0766397e-01  -5.9707970e-01   7.0129152e-01  -1.6294447e+00   1.9945737e+00
   2.0000000e+00  -2.0859858e+00   9.4423764e-01   1.7069322e+00   5.9498843e-02  -2.3711620e-01  -2.2392768e-01  -3.7558181e-01  -4.2762946e-01  -4.4352080e-01   1.0071725e+00
   2.0000000e+00  -4.4401077e-01   3.0719854e-01  -6.3001849e-02  -4.4275073e-01  -6.5694911e-01  -4.3532843e-01   2.0564355e+00   1.3477950e+00  -5.7872585e-01  -8.6482294e-01
   1.0000000e+00   6.0199071e-01  -1.1386784e-01   1.8019505e+00  -1.8040913e+00  -9.6481941e-01  -9.7467357e-01   3.0835578e-01  -9.2594744e-01  -9.1086944e-01   1.2657282e+00
   1.0000000e+00   3.1756771e-01  -5.0999474e-01  -1.2415097e-01   1.6163443e-01  -4.5691133e-01   7.7095732e-01  -6.9141660e-01  -4.4091137e-01   6.3473631e-01   6.8858313e-01
   2.0000000e+00  -1.1548327e+00  -2.1147747e+00  -1.4424230e+00  -1.0738184e-01  -1.5176176e+00  -1.5327882e-01   1.6540481e+00   9.7831835e-01  -1.0146552e-01  -1.5133326e+00
   2.0000000e+00   1.1751602e+00   1.5780769e+00   1.4507257e+00  -1.9311080e-01   1.3220838e+00  -1.7526216e+00  -3.2205229e-01  -5.4506658e-01  -1.5567293e+00  -1.6834342e-01
   2.0000000e+00   6.2602589e-01   3.3359400e-01   2.1320699e-01  -9.2288398e-01   7.1300246e-01   5.8467731e-01   7.9827161e-01   8.0913140e-01   7.5031857e-02  -1.0820809e+00
   2.0000000e+00  -1.8549352e+00  -1.1682439e+00   2.1887312e+00   2.1754742e-01  -1.2989787e+00  -1.7069515e+00   6.9553139e-01   2.1132011e+00   6.3472569e-01  -3.3612520e-01
   2.0000000e+00  -1.2778333e+00   4.8557315e-01   1.3531849e+00  -8.5559233e-01   6.5069521e-01  -4.8546692e-01   1.0167745e+00   2.1184355e-01   9.2929972e-01  -2.5045783e-01
   2.0000000e+00   9.6626525e-01   2.2225667e+00   1.5046412e+00   3.0272354e-01  -3.4076145e-01   3.5845244e-01   8.3024850e-01   5.2672942e-01  -1.2100580e+00  -4.9236717e-01
   2.0000000e+00  -8.4428086e-01   1.6502524e+00   1.1436257e-01  -9.6292293e-02   1.2157817e+00   2.7449901e-01  -6.0088016e-01   6.6168229e-01   1.4482130e+00   1.7042176e+00
   2.0000000e+00  -1.3655517e+00   3.9241842e-01  -6.4185583e-01   5.7594320e-01   2.5775890e-01   8.0695973e-01   1.8868273e-01  -1.2129201e+00  -9.6310457e-01  -1.4966292e+00
   2.0000000e+00   5.6929819e-01   5.2470392e-01  -1.4449140e-01  -6.2850854e-02  -2.7716547e-01  -3.4401629e-01   1.4281267e+00   7.5998252e-01   1.4941185e+00  -1.4683609e+00
   2.0000000e+00   4.4603936e-01   8.7740030e-01  -3.3385696e-01   1.4505379e+00   8.4698394e-01   2.8713222e-01   2.2794218e+00   2.9494944e-02  -6.9352056e-01  -6.5759791e-01
   1.0000000e+00   4.7822799e-01  -5.9292454e-01   2.3072406e+00   1.5329189e-01  -9.9409836e-02   1.6338386e+00  -3.0475437e-01   1.0688077e+00  -6.6514197e-01  -1.0720680e+00
   2.0000000e+00   5.2413761e-01   1.0581202e+00   8.5647673e-01   3.4863054e-02  -1.3143239e+00  -1.3518625e+00  -1.4622035e+00   2.0566176e+00   7.1179981e-01   8.6955218e-01
   1.0000000e+00   3.3732466e-01   1.0108091e+00  -6.8378839e-01  -1.2194036e+00  -1.0584188e-01  -9.3701384e-01  -7.5187733e-02   4.2788184e-01  -7.3734190e-02   3.7966430e-01
   2.0000000e+00   1.2285032e+00   9.0659963e-03   2.1627973e+00   1.7586044e+00   4.6598364e-01  -5.4618986e-01   7.7233764e-01  -8.0639662e-01  -1.6361376e+00  -2.0777033e+00
   2.0000000e+00   1.5694122e+00   6.1161270e-01   2.4853764e+00   1.1536925e+00  -1.0051986e+00  -5.4194494e-01   1.1803678e+00  -1.7547320e+00   1.4922658e-02   7.7717684e-01
   2.0000000e+00   9.3627030e-01   8.4978749e-01   7.8167746e-01  -5.0951458e-01  -6.4762416e-01  -7.3696531e-01   2.0471363e+00   2.1338807e-01   8.2812139e-01   5.4096725e-01
   1.0000000e+00   6.4242318e-01  -1.8149975e+00   2.3127206e-01  -7.7967034e-01   9.0918786e-01  -1.2860283e-01  -5.4206296e-01  -1.6381413e+00   8.2712738e-02  -6.9601858e-01
   2.0000000e+00  -5.9048453e-01   4.6653865e-01   3.5525255e-01  -4.9794500e-02   1.4463401e+00  -3.7203428e-01  -8.1823075e-01   1.4679523e-01  -9.7901017e-01   4.4470964e-01
   2.0000000e+00   4.8947729e-01  -1.9236709e+00   8.3079045e-01   1.5350387e-01   7.4584657e-01  -7.7305587e-01   8.3934039e-01  -4.9636000e-01  -9.1610107e-01  -2.1958589e+00
   2.0000000e+00  -4.8688926e-01   1.5315414e+00   6.5533669e-02  -8.1392530e-01  -4.9746992e-01   9.9384305e-01   7.2861091e-01   4.0812945e-01  -1.1853702e+00  -1.7910582e+00
   2.0000000e+00  -4.4112890e-02   1.5630574e-02   4.7251030e-01  -3.2897808e-01  -1.9872723e-01  -5.6339540e-01   9.8435301e-01   1.1613111e+00  -2.2288034e+00  -2.4263761e-01
   2.0000000e+00   1.3982762e+00  -8.3361982e-01   8.9791955e-01  -1.4726441e+00   7.3254264e-01  -8.5741622e-01   1.0164480e+00   5.9014238e-01   4.0909075e-01   1.0122108e+00
   2.0000000e+00  -1.2935683e+00   3.3361793e+00  -3.3489442e-01   1.0555177e-01   1.0566941e+00  -8.6510635e-01   2.0157427e-01   9.3751825e-01   2.9212741e-01  -8.0186273e-01
   2.0000000e+00  -5.1101178e-01  -2.2312658e-01   1.5897908e+00   1.1661992e+00  -3.1460864e-01   6.9658681e-01  -1.7345139e+00   4.5177830e-01  -2.0786670e-01   1.1844858e-01
   2.0000000e+00   1.7446191e-01  -3.8118493e-01   1.4455268e+00   7.2126423e-01  -4.3085756e-01   4.1419113e-01   9.3135444e-01   9.4964841e-01   4.6530933e-01  -7.2647322e-01
   2.0000000e+00  -1.1298026e-01  -7.5898405e-01   4.5490123e-01  -5.8250450e-01  -8.0411168e-01   4.4092059e-01   5.5542488e-01   1.3803553e+00  -2.3797951e-01   7.6729951e-01
   2.0000000e+00  -6.2953302e-02   2.9962288e-01  -3.3543734e-01   6.5049916e-01  -6.5523957e-01  -6.7695461e-01   3.6463650e-01   4.9493085e-01  -1.6383513e+00  -5.1952908e-01
   2.0000000e+00  -2.3097580e-01   6.0949100e-02   1.1473235e+00  -2.8095541e-01  -1.1381827e+00   1.6243291e+00   6.3239884e-01   1.2541450e+00  -3.0628722e-01  -1.6677017e-01
   2.0000000e+00  -1.5240449e+00  -3.1543585e-01   1.4139320e+00  -1.7867138e+00  -3.6254080e-01   5.8228909e-01   1.1721520e+00  -7.2351390e-01  -3.8151513e-01   1.0052040e+00
   2.0000000e+00  -1.1592726e-01   2.9978484e-01   2.3755910e+00  -1.2084538e+00  -1.1368153e+00  -2.6783366e-01  -1.3036059e+00   1.6208107e+00   1.0503231e+00   6.6559243e-01
   2.0000000e+00  -2.8097803e-02  -3.2222479e-01  -6.7896265e-01  -1.0850486e+00  -1.4682581e-01   1.5463457e-02  -8.3888966e-02   1.2336719e+00  -2.7846549e-01  -5.1045168e-01
   2.0000000e+00   9.2110608e-01   7.3730183e-01   5.8216894e-01  -2.6355488e-01  -4.2538387e-01  -8.8712941e-01   7.7243707e-01  -3.6900321e-02   6.8345688e-01   1.6632378e-01
   2.0000000e+00  -1.8821913e+00  -1.3167922e-01   8.2040391e-01  -2.9413977e-02   2.9681118e-01   1.6497017e+00  -1.5888622e+00  -3.8350287e-01   1.5608789e+00   1.2047288e+00
   2.0000000e+00   3.6637284e-01   7.2682638e-01   2.2899031e-01  -1.9735108e+00   2.7851191e-01  -3.0931529e-02   1.1173896e+00   1.0429821e+00   6.6197248e-02  -1.6027139e+00
   2.0000000e+00  -1.9698593e-01   2.8669460e-02  -3.7899591e-01  -6.5493730e-01   6.8398456e-01   1.2410339e+00  -2.2074517e+00   1.2357313e+00  -8.2419707e-01   1.2893163e-01
   2.0000000e+00   1.3947358e-01  -8.5220130e-01   5.1977541e-02  -1.2579863e-01  -9.8109953e-01   1.8912475e-01   2.7703518e+00  -2.0858527e-01  -1.6841403e+00  -1.4182066e+00
   2.0000000e+00  -1.9534136e+00  -9.1223499e-01   8.9609591e-01  -3.8954010e-01  -6.1527912e-02   5.3551282e-01   1.3338190e-01   1.5874201e-01   9.8165605e-01   1.3007412e-01
   2.0000000e+00   1.5712022e+00  -6.2428141e-01   2.2891643e-01   2.2520540e+00  -1.6436506e+00  -4.6322607e-01  -1.2181488e-01   8.4233015e-01   6.3700265e-01   2.1530181e+00
   1.0000000e+00   5.7454860e-02  -1.1262882e-01  -3.4786391e-02   1.1383849e+00  -4.2610007e-01  -7.5129849e-01  -3.9509966e-02  -2.3462751e-01   2.1698759e-01  -7.8686045e-01
   1.0000000e+00   5.8143141e-01  -5.3169346e-03  -3.1081912e-01   1.2278290e+00  -1.5136628e-01   4.4713616e-01  -5.5119323e-01  -2.3631848e-01  -2.1200339e-01  -3.7359286e-01
   2.0000000e+00  -5.4032532e-01   6.3997292e-01   8.5824250e-01   1.7224300e+00  -5.5821836e-01  -7.8528402e-01  -9.2426953e-01  -1.6241326e+00  -4.3838229e-01   1.3509839e+00
   1.0000000e+00   1.4563436e-01  -1.1851338e+00   3.5226825e-01  -1.5226867e+00  -1.4782579e+00  -2.4576222e+00  -8.5667275e-01   4.2469503e-01   4.5146828e-01   2.0277505e+00
   2.0000000e+00   1.0760126e+00   5.4458810e-01   7.8728841e-01   8.9561901e-01   1.2788789e+00   1.8056287e+00  -5.2252088e-01  -4.6822554e-01   5.4832240e-01  -1.2784364e+00
   2.0000000e+00  -2.1227502e+00  -6.7052853e-01  -1.3625940e+00   1.4481475e+00  -2.4051208e-01  -2.0660899e+00   4.4976397e-01   8.0015413e-01  -7.1244714e-01   8.3638638e-01
   2.0000000e+00  -8.1328277e-01  -8.6015156e-01   2.5510360e-01  -1.2889143e+00   1.2802379e+00   1.2385981e+00  -1.2601943e+00  -1.4692553e-01  -2.4165570e-02   8.2962289e-01
   1.0000000e+00   4.0358588e-02   1.0181318e+00   2.2782334e+00  -2.1508618e+00   6.4617653e-01   8.1777769e-01   4.5064617e-01  -6.0225661e-01   1.0121925e+00   9.6868089e-01
   1.0000000e+00   7.6077266e-01  -1.0224602e+00   2.3538258e-01  -1.8487308e+00   1.3925809e+00  -1.0141320e+00  -4.3417758e-01   1.2994806e+00  -6.1884987e-01   1.2048135e+00
   2.0000000e+00  -4.6488955e-01  -3.3763089e-01   1.1188062e+00   7.3283190e-01   6.2418101e-01  -9.1055842e-01  -1.5284259e-01   1.0536169e+00  -8.9905564e-01  -1.5762703e+00
   2.0000000e+00  -1.1623189e+00   2.2192330e-01   1.4464321e+00  -8.2524920e-01  -4.4602262e-01   5.8879111e-01  -8.7189237e-02  -8.8929863e-01   1.0144253e+00  -3.2806217e-01
   1.0000000e+00   5.0496592e-01   1.3745811e+00   7.8308235e-01  -4.7279507e-01  -4.4386724e-01   8.8756101e-01  -8.8570432e-02  -1.2236718e+00   8.1308340e-01   1.4662465e+00
   2.0000000e+00  -1.0622986e+00   8.6319627e-01   9.0505918e-01  -5.7883430e-01   4.5767738e-01   5.5277032e-01  -6.3231564e-01  -1.1995079e+00  -1.0872008e-01   9.8104889e-01
   2.0000000e+00   2.1853586e+00  -1.5319057e-01   1.9920225e+00  -6.1348429e-01   1.4784717e+00   4.2615499e-02  -1.6364113e+00   2.4765403e-01   9.3503877e-01   1.2886900e+00
   2.0000000e+00   4.7216593e-01   1.0907324e+00   1.4594696e+00   5.9676966e-03  -6.3187910e-01   7.8060785e-01   1.0586316e+00   1.7004600e+00  -1.6773092e+00   3.1439455e-01
   1.0000000e+00   2.0722454e-01  -8.9847971e-01   1.7465632e+00   1.6064443e-01  -9.8245339e-01   2.4117763e-01  -6.2995117e-01   1.8544530e+00   5.6218977e-01  -8.3189642e-01
   2.0000000e+00  -3.2045968e-01   8.1572503e-01   9.7501992e-01  -9.0840388e-01   1.2470939e+00   5.6097754e-01   4.3573562e-01  -3.4569520e-01  -8.2370616e-01  -1.4892713e-01
   2.0000000e+00  -7.5114120e-01   8.4528141e-01   1.7134432e-01   1.0073630e+00  -5.4541568e-01  -7.8466937e-01   2.4167349e-01  -2.0516200e-01  -9.4881132e-01  -3.7399767e-01
   2.0000000e+00   6.9305212e-01  -1.3721508e+00  -5.2870107e-01   4.0665916e-01   6.6241808e-01  -3.1039563e+00   6.0451293e-01   1.0980554e+00  -1.8606321e-01  -9.7319342e-01
   1.0000000e+00   5.5404797e-01   2.6446249e-01  -7.9909653e-02  -1.3326886e+00   4.3790076e-01  -6.3387147e-01  -2.6251931e-01  -1.7977883e+00   1.4176308e+00  -1.5666295e+00
   2.0000000e+00   8.6199171e-01   1.4094844e+00  -1.1592052e+00  -6.0805396e-01   6.8966373e-01  -1.9158698e-01  -9.2307936e-01   1.5219971e+00   7.7268750e-01   3.2439539e-02
   2.0000000e+00   2.2125748e-01   2.4834757e-01   1.6383149e+00   7.6462583e-01   7.5694444e-03  -3.5124394e-01  -1.0902488e+00   2.2153163e+00   2.1422403e-01   9.8869035e-01
   2.0000000e+00   2.7820901e-01   2.4369062e+00   1.8674551e-01  -2.9232011e-01  -1.1754428e+00  -9.6772885e-01   1.5407690e+00   5.3561304e-01   8.3645900e-02  -7.0211815e-01
   2.0000000e+00  -5.5316283e-01   6.5062100e-01  -8.6415810e-01   3.8341730e-01  -5.0179360e-01  -2.2279490e-01   2.6080273e-01  -4.5658358e-01   1.2477062e-01  -5.4583447e-01
   2.0000000e+00  -1.3790829e+00   3.8380425e-01   2.5953635e-01  -2.9697218e-01   1.7768241e-01  -1.9321066e-01  -2.1950155e+00   2.3607495e-01   4.3429962e-02   9.9161836e-02
   2.0000000e+00  -9.1190372e-01  -1.0960300e+00  -1.1938132e-02   2.4731046e-02   6.1445279e-02  -3.0183500e-01  -2.0349940e+00   9.5041288e-02  -1.6606393e+00   5.3213962e-01
   1.0000000e+00   4.7693596e-01  -1.4101403e+00   4.3767194e-01   1.4707259e+00   7.3173959e-01  -3.6403376e-01   2.2687368e-01   8.7346166e-01   1.6167702e+00   1.8402039e+00
   2.0000000e+00  -1.7950067e+00  -1.1559321e+00   1.6541257e+00   2.5630214e+00  -5.0611699e-01   1.7067562e+00  -3.9614094e-01   2.6832258e-02  -5.1477027e-01   1.0438683e+00
   2.0000000e+00   8.6756769e-01   5.0955534e-02  -1.2301608e+00   8.3905624e-01  -4.1682892e-01  -1.3558554e-01   1.1740179e+00  -3.0054588e-01   1.7649886e-01  -3.5470198e-01
   2.0000000e+00  -9.2695321e-01  -1.1725698e+00   4.1880123e-01  -7.2930725e-01  -9.5629936e-01  -9.4922416e-01   7.0662907e-01  -4.1971990e-01  -2.2294573e-01   4.4482362e-02
   2.0000000e+00  -1.2856859e+00  -5.0480527e-01   7.7772501e-01  -4.2604798e-01  -1.7876663e-01  -4.5183935e-01   1.1110375e+00  -7.3311582e-01  -8.0059883e-01  -6.1736036e-01
   1.0000000e+00   7.2121952e-01   3.8926711e-01   4.8792764e-01   1.3134223e+00   5.0876171e-02   1.0347565e+00   1.6365047e-01  -5.1011645e-01   1.0910899e+00   3.7303934e-01
   2.0000000e+00  -1.0860296e+00  -7.4237570e-01  -1.2121989e-01  -3.6242625e-01   2.7241610e-01  -1.0738855e+00   4.7148641e-01  -9.8760253e-02   1.0944274e+00   5.9356223e-01
   2.0000000e+00   7.3299102e-01  -2.5659144e-01   6.0636538e-01   2.8916049e-01  -1.3063057e+00   9.9698212e-02   8.0841385e-01   1.9553185e+00   3.4666753e-01   1.6619444e-01
   2.0000000e+00  -1.1375075e-01   1.5986348e+00   8.7823478e-01  -1.1178971e+00   3.4748705e-01   6.3991747e-01   1.8236641e+00   1.9635738e+00  -1.5243523e+00   5.0424127e-01
   2.0000000e+00  -1.2202217e+00   7.3246924e-01  -9.6375020e-01   1.0098576e-01  -1.0871913e+00   3.3760529e-02   7.8375386e-01   6.0211331e-01   9.5606189e-01   2.3786273e-01
   2.0000000e+00   1.6711799e-02  -2.2429586e+00   6.5349231e-01   1.0005639e+00  -8.1438511e-01   1.9096710e-01   1.6786265e-01  -3.4106963e-01  -2.0792204e+00  -7.8507563e-02
   2.0000000e+00  -2.5909174e+00  -1.9417562e+00  -1.8403981e-01  -6.7249642e-01  -1.5038870e-03  -1.2910070e+00  -1.1969869e+00   8.0053919e-01   5.8282043e-01  -4.0932681e-01
   2.0000000e+00  -7.3496388e-01  -1.5215265e+00  -7.4632043e-01   3.9526618e-01  -1.1492655e-01   5.5869285e-01   1.6168110e+00   1.4250536e-01   9.2070694e-01   1.1685021e+00
   2.0000000e+00  -2.3690683e+00   1.0246927e+00   4.6450795e-01   4.4960852e-01   6.8273537e-01   9.4399494e-02   1.6983714e-01  -1.2435904e+00  -6.7379360e-01  -3.4113890e-02
   2.0000000e+00  -3.9046016e-01  -4.6769809e-01   1.7079263e+00   1.4507244e+00   1.1632382e-01   3.1650508e-01   1.1256449e+00   7.2743363e-01   2.4970282e+00  -1.0127276e-01
   2.0000000e+00   1.3545526e+00  -8.2615771e-01   2.5760270e-01  -7.5293999e-01   2.7394224e-01  -1.0123773e+00   1.5588089e+00   1.0036479e+00   1.2600015e+00  -1.6469736e-01
   2.0000000e+00  -2.2782336e-01  -8.0841013e-02   9.8509268e-01   1.4916479e-01   4.4888660e-01  -1.4817502e-01  -9.9511835e-02  -5.7179719e-01   1.5033193e+00   8.9274469e-01
   1.0000000e+00   5.4592693e-01   6.3427680e-01   5.8586961e-01   5.7259526e-02   6.3994152e-02  -7.2009591e-01   3.4470284e-01  -1.0768619e+00   1.3104515e+00   2.0951001e-01
   1.0000000e+00   5.0303429e-01   6.9785484e-01  -3.7880814e-01  -2.8840899e-02   3.5743551e-01   1.5176529e-01  -1.1963202e-01  -8.2596173e-01   4.4691017e-01  -7.9428861e-02
   1.0000000e+00   6.9183718e-01  -1.2065744e+00   2.2644230e+00  -9.7774358e-01  -3.2118004e-01   1.8628058e-01  -5.3915437e-02   1.2640013e-02   8.2372795e-01   2.0536090e+00
   1.0000000e+00   3.7876858e-01  -1.8089306e+00   5.5756613e-01   8.6528556e-01  -1.4372861e+00   1.1736699e+00  -5.4376073e-01   1.7374657e+00   1.7861714e+00   2.9655866e-01
   2.0000000e+00   1.1014794e+00   6.7414960e-01  -7.4770852e-01   1.1859427e+00   1.5318627e+00   2.6331237e+00   4.8373972e-01   2.6312906e-01  -6.8366013e-02   4.3236478e-01
   2.0000000e+00   5.5744994e-01  -1.0749045e+00  -4.1851959e-01   1.4111164e+00  -4.4227071e-01   1.4005427e+00   1.9250002e+00  -8.7622583e-01   9.3347439e-02   7.6308914e-02
   2.0000000e+00  -2.1499508e-01  -6.3991049e-01   9.4005027e-01  -8.5881696e-01  -1.6564227e+00   9.0483219e-01   1.2343290e+00  -1.1320522e+00   5.0329480e-02  -2.4797616e-02
   2.0000000e+00  -1.0497453e+00   7.9637752e-01   2.4672913e-01  -8.2789834e-01   1.2748155e+00  -4.1869623e-01   1.6154435e-01   4.3513927e-01   1.9300509e-01   3.1184915e-02
   2.0000000e+00  -2.0270011e+00  -1.7946224e+00   7.9423403e-02  -6.9719889e-01   5.2662716e-02   1.6077429e+00   6.2242459e-02  -3.6450124e-01  -2.1308727e-01   7.5626662e-01
   1.0000000e+00   7.5390654e-01  -3.1322056e-01   7.3110491e-01  -8.6161246e-01   5.3799116e-01  -4.5649588e-01   2.5924977e-01  -1.3626877e-01   3.4765613e-01  -1.4277424e-02
   1.0000000e+00   2.8988155e-01   2.9490631e+00   7.7113249e-01  -2.0870863e-01   2.0289239e+00   1.5888162e+00   8.1915172e-01  -2.8317968e-01  -1.6987776e+00  -1.1263109e-02
   2.0000000e+00  -1.3615917e+00   1.8784825e-01  -2.9526600e-01  -7.0490281e-01   4.4830319e-01  -5.8639567e-01  -3.8780271e-01   2.4386138e-01   1.4230167e-01   1.0505403e-01
   2.0000000e+00  -7.4957474e-02   2.0135879e-01   9.8898098e-01   2.1549671e-01  -3.4162506e-01   7.8750670e-01   8.0322449e-01  -6.2300171e-01  -7.7010675e-01   2.0516599e+00
   2.0000000e+00   1.2455632e+00   5.1408213e-01   1.5115399e+00   3.3492117e-01  -1.3120286e+00  -6.4223806e-01   4.8971137e-02   4.5999493e-01   9.3947521e-01   1.0145931e+00
   2.0000000e+00  -4.4391421e-01   7.4811171e-01  -4.5084525e-01  -3.9191635e-02   6.0560952e-01  -8.3207816e-01  -1.8795549e-01  -2.7871600e-02  -1.0605939e+00  -4.3576857e-01
   2.0000000e+00  -9.1366096e-01   2.2706529e-01   4.4379318e-01   1.0387018e+00   6.8689149e-01  -8.6224174e-01  -1.4082730e+00  -1.3895854e+00  -4.6566884e-01   1.0135416e+00
   2.0000000e+00   6.8170042e-01  -1.8683419e+00  -3.2513405e-01   1.7181965e+00  -4.5155366e-01  -2.3986000e-01  -1.0602525e+00   9.4367524e-01  -2.1142025e-01  -7.2501710e-01
   1.0000000e+00   8.0528779e-01  -8.0609420e-01  -9.1566131e-01  -1.6765199e+00   1.8064474e+00  -3.6495404e-01   3.2673652e-01   1.4101529e+00  -8.3563739e-01   5.0318108e-01
   2.0000000e+00   1.3217457e+00  -1.1017985e+00  -1.1316027e-01   1.4901524e+00   2.5934030e-01   9.7695739e-01  -1.4961908e+00  -2.4204520e-01  -1.2662082e+00  -1.2176795e-01
   2.0000000e+00  -8.9923789e-02  -1.3954136e+00   3.6993140e-01   2.2457988e-02  -2.4277217e-01  -1.8905251e+00   1.3751307e+00  -1.2081514e+00   1.0660628e+00   4.2679865e-01
   2.0000000e+00  -2.9848624e-02  -8.1077828e-01  -6.7421999e-01  -1.3138101e+00  -1.6011547e+00  -1.5487398e+00   6.5592231e-01  -2.8287153e-01   6.3528785e-01  -1.0887349e+00
   2.0000000e+00  -1.4863716e+00   1.9097063e+00   1.0888430e+00  -6.0113307e-01   1.9903249e-01   1.8613373e-02   7.2233810e-01  -7.9849865e-01   3.5513232e-01   9.4379749e-01
   2.0000000e+00   1.9026495e+00   9.7648560e-01   5.2528006e-01   1.0347873e-01   5.8098071e-01   1.2373159e-01   3.3561593e-01   3.2333463e-01  -6.6260175e-01  -2.6641051e-01
   2.0000000e+00  -2.3769852e-01  -6.4701776e-01  -4.5813713e-01   1.6939768e-01   1.7670428e-01   1.0242611e+00  -4.0515940e-01   3.9967296e-01   1.9903044e-01   1.3307175e+00
   2.0000000e+00  -1.0045746e+00   3.3647301e-01  -1.4586447e+00   3.8197037e-01   2.7300436e-01  -3.0323938e-01  -1.0377641e+00   1.9063044e-01  -1.7558139e-01  -1.8118813e-01
   1.0000000e+00   1.2728817e-01   1.1489794e+00  -2.2725133e+00  -9.5672413e-01   4.2571441e-01  -4.1916337e-01  -2.1470382e-01   1.9769810e+00   4.7641355e-01   4.4873043e-01
   2.0000000e+00  -5.7288730e-01  -9.1438209e-02  -1.0481907e+00  -1.5963318e-01  -7.8739285e-01   1.1594443e+00  -1.0501343e-01  -6.0862808e-02   2.8874277e-01   7.3547585e-01
   2.0000000e+00   6.8225527e-01   9.0288532e-01   4.4247703e-01  -1.9780332e-01  -1.0286411e+00  -1.7803445e-01   1.5967827e+00  -1.5726276e+00   1.3029813e+00  -3.4376640e-01
   2.0000000e+00  -1.1366916e+00  -2.4515841e-01   2.2534188e+00  -1.8165578e-01   9.3776199e-01   6.9568523e-01   1.0751537e+00  -1.1369519e+00   1.8171615e+00   2.2657824e-01
   2.0000000e+00   6.8930890e-02  -1.7122082e-01  -5.9170569e-01  -6.3460871e-02  -1.5452323e-01  -1.2059758e+00   9.3394028e-01  -1.2436526e-01   1.9093231e+00   4.2292609e-01
   2.0000000e+00  -7.9710429e-01  -6.0264180e-01   5.3515445e-01  -1.5758304e+00  -2.2633586e-01   1.1566872e-01   3.5742587e-01  -7.7664715e-01   8.3705399e-01   1.0220415e+00
   1.0000000e+00   3.3754800e-01   6.5915445e-01  -2.2241745e-01  -2.4034577e-01  -9.4646885e-01   3.1781130e-01  -4.0219082e-01  -1.0520757e+00  -3.6003749e-02   1.1694601e+00
   2.0000000e+00  -8.5970087e-03   1.3934440e-01  -9.2087179e-01   8.7142851e-02  -4.5399882e-01  -1.4485790e+00  -7.2278024e-02  -7.6479676e-01   2.1857055e+00  -5.6778148e-01
   2.0000000e+00  -1.1539568e+00   1.1670472e+00  -1.6338879e+00  -1.0298446e+00   2.3350140e-01  -1.0491237e+00  -1.6613001e+00  -2.9690015e-01  -9.6501559e-01  -2.9778006e-01
   2.0000000e+00   9.6815561e-01  -1.7670980e+00   7.7071195e-02  -9.9288556e-01   6.5571324e-01   3.6916061e-01  -1.5255534e-01  -7.2328067e-01  -8.5812563e-01   8.7018982e-01
   2.0000000e+00  -3.1790514e-01   1.4367811e+00  -1.0616736e-01   2.1400758e-01   1.3986208e+00   7.3920416e-01  -5.6243031e-01  -1.2872901e-01   8.9730594e-01  -1.2166666e+00
   2.0000000e+00  -1.2321661e+00  -2.3210712e-01  -8.3311754e-01   1.2450336e+00   9.9074780e-01   1.1159135e+00  -1.7231271e-01  -8.8933861e-01   8.2539411e-01   2.0782793e-02
   2.0000000e+00  -1.1190828e+00  -9.6724041e-01   1.6067093e+00   5.1246958e-02  -1.8645635e-01   2.0869068e-01  -1.0561511e+00   5.8861071e-01   2.6688882e-01   5.7164554e-01
   2.0000000e+00  -1.6691706e+00  -2.1268297e+00   1.5746106e-01  -1.0731723e+00  -8.6958181e-02  -3.0106414e-02   6.4171573e-01  -5.2962964e-01   1.5764423e+00   1.2825280e+00
   1.0000000e+00   1.5483034e-01  -6.7741784e-03  -1.4124602e+00   5.7326759e-01  -1.2114510e+00   1.5426688e+00   5.5605993e-01   1.9017365e-01   3.0695820e-01   6.9277538e-01
   1.0000000e+00   6.3518658e-01   6.0625360e-01  -2.4599746e-01  -7.3237877e-01  -3.0493739e-01  -1.2433239e+00  -1.6596616e-01  -5.2310518e-01  -2.0392507e-01   1.1183173e+00
   2.0000000e+00   6.7299406e-01   6.4651664e-01  -2.9621866e-01   1.4735545e+00  -1.4354078e+00  -9.8087478e-01  -8.5045755e-01   1.3775757e+00  -6.3361836e-01   1.9923649e-01
   2.0000000e+00  -1.6659083e+00   2.9815140e-01  -1.4739496e+00   1.0462711e+00   5.0916319e-01   3.2139898e-02   7.1177669e-02  -9.1309615e-02   3.3300902e-01   1.1173501e+00
   1.0000000e+00   6.0881686e-02   5.1095155e-01   1.4779828e+00  -1.5416497e-01  -3.8881427e-01   1.2114730e+00   4.0741223e-01   6.9824409e-01  -1.2195321e+00  -4.5382308e-01
   2.0000000e+00  -3.6173835e-01  -1.5259140e-01   1.2227600e+00  -5.7389889e-01  -1.0738678e+00  -1.9477263e+00  -3.6958067e-01   1.2241574e+00  -2.8993632e-01  -8.8432029e-01
   2.0000000e+00  -6.0798365e-01   1.9477278e+00  -2.0059248e-01   1.2330046e+00   1.0235447e+00   2.0092311e+00  -1.7843938e+00  -6.9613240e-01   6.8757787e-01  -3.4352373e-01
   2.0000000e+00   2.1530867e+00   1.3824742e+00   8.4633161e-01   1.5640542e+00   1.6206125e+00  -2.1126284e-01   8.1923495e-01   1.7659359e+00   2.4073181e-01  -1.1693429e-01
   2.0000000e+00  -4.4339272e-01  -4.6889822e-01   2.7447451e-01  -1.3092792e+00   3.9745692e-01   2.4594073e+00   3.5642148e-02  -9.5088270e-01   1.0839867e-01   1.3982237e+00
   2.0000000e+00  -1.1693220e+00  -1.8018637e+00  -1.7053485e+00  -5.1458957e-01   5.2990309e-01   6.9346961e-01  -9.1034184e-01   8.0815644e-01  -1.0565619e-01   5.9263934e-02
   2.0000000e+00  -1.4094874e-01  -2.0412972e-01  -1.0359424e+00  -9.1019091e-01  -5.7318235e-02   5.1921529e-01   2.4586270e+00  -4.1869403e-01   2.6133721e-02  -1.8292023e+00
   1.0000000e+00   2.6171488e-01   6.2628417e-01   4.3949027e-01  -2.6476383e-01   1.2391154e-01  -3.0522149e-02  -8.3216393e-01  -2.2893649e-01  -1.8401192e-01  -3.7679274e-01
   2.0000000e+00  -4.0485998e-01  -6.7218560e-01  -6.9653432e-01   1.6854136e-02   1.4559348e+00  -6.3699842e-01  -3.0810296e+00   7.4105914e-01  -1.1936128e+00  -5.5841740e-01
   2.0000000e+00   2.3883535e+00   1.7542662e+00   8.8783021e-01  -5.0346613e-01  -8.3009724e-01   2.0130347e+00   1.7667563e+00  -1.3405406e+00   1.4221635e+00  -1.2934852e+00
   2.0000000e+00   1.0547096e+00   1.8086529e+00  -1.0392858e+00  -2.3579536e+00  -1.0282683e+00  -1.2704606e+00  -4.1645490e-01   1.3560946e+00  -1.1759249e-01  -1.0363586e+00
   2.0000000e+00   9.5867430e-01  -5.2567942e-01  -1.4921406e+00   2.1799770e-01   1.0506984e+00   1.0833207e+00  -6.1641369e-01   1.2532455e+00   2.4928482e-01   1.2437289e+00
   1.0000000e+00   1.3064730e-01  -8.1147219e-01  -8.5164855e-02  -7.4884887e-02   6.3237442e-01   1.7542308e+00  -5.8539145e-01  -4.7131413e-01   1.0787608e+00  -1.6214790e-01
   2.0000000e+00   1.1100859e-01   4.2003314e-01  -1.7727117e-01  -2.6511599e-01   4.1167928e-01  -2.1180986e+00   2.4627147e+00   4.7869276e-01   5.4494948e-01  -3.4708107e-01
   2.0000000e+00  -9.7434675e-01   4.8240131e-01  -1.1642750e+00  -1.7801279e+00   4.8007225e-01   1.5533177e+00   7.4083550e-01   1.6574893e+00   1.8185558e+00   2.2726344e-01
   2.0000000e+00   1.0427920e+00  -7.0727162e-01  -2.1939791e-01  -3.6817472e-01   3.0748977e+00  -3.1660228e-02   1.1644653e+00   1.4114613e+00   5.3071370e-01  -8.3820921e-01
   2.0000000e+00   5.2192580e-01   7.1906925e-01  -5.1600116e-02   8.8294394e-01   6.5373109e-01  -1.2558969e+00   1.5755063e+00  -4.3539890e-01   4.0425304e-01  -4.5374703e-01
   2.0000000e+00  -4.8063552e-01  -6.4907852e-01   1.7085474e+00   3.8528156e-01  -4.4474778e-01  -1.0608002e+00  -2.0210484e+00  -1.4221323e+00  -1.3451238e+00  -3.5233635e-01
   2.0000000e+00   1.3208920e+00  -1.3136382e+00  -2.2819743e+00  -1.1212180e+00  -2.8115581e-01  -8.0366556e-01  -1.5488598e+00   1.2051889e+00  -9.5489449e-02   5.5797269e-01
   2.0000000e+00  -9.6796583e-01  -4.0346449e-02  -6.6700487e-01  -5.4632593e-01  -9.3648302e-01  -1.8562859e+00   8.7050892e-02   5.6888989e-01  -1.0166007e+00   2.9705872e+00
   1.0000000e+00   3.4109431e-01   5.5191725e-01  -2.7344267e-01  -6.5120512e-01   6.2216207e-01  -4.8019298e-01  -5.6370372e-01  -3.4041564e-01   3.7007747e-01  -1.5971847e+00
   2.0000000e+00   1.9378511e+00   6.7944436e-01   1.6190570e+00   8.8520502e-01  -2.3977789e+00   1.3900930e-01   1.0125458e+00   3.7339196e-01  -1.8926510e+00   7.7435209e-01
   2.0000000e+00  -3.2518609e-01  -9.8754840e-01   7.1215160e-01   1.0236324e-01  -1.0710679e+00  -1.1984889e+00   4.9476534e-01  -2.1724252e-01   8.8870364e-01   7.1933531e-01
   2.0000000e+00   1.2881311e+00   1.2043731e+00   3.3162069e-01   2.7756942e-01   1.1641115e+00  -7.3601393e-01  -1.4520304e+00   1.0491365e+00   1.2216704e-01   3.9919229e-01
   2.0000000e+00  -1.5929872e+00   5.2370087e-01  -4.9047627e-01   6.2314265e-01   2.0361791e+00  -5.6673828e-02   3.2802911e-01   3.2484859e-01   2.1439142e-01   1.0347292e+00
   2.0000000e+00  -1.2439567e+00  -1.1509491e-01  -3.6060669e-01  -4.8965456e-01   2.2578261e-01  -7.5977403e-02  -1.7936879e-01  -8.9713123e-02   7.6667265e-02   6.0533842e-01
   2.0000000e+00  -1.8126497e-01  -1.9887492e+00   9.0221176e-01   1.8484241e-01   1.0220955e+00  -1.6485893e+00   1.1772521e-01  -9.6113877e-02  -5.7208567e-01  -1.5628040e+00
   2.0000000e+00  -1.9316191e+00   9.2267892e-01  -1.8975639e+00   2.6270807e+00   9.7502142e-01   1.5794612e+00  -3.1317920e-02  -7.6636312e-01   3.5950760e-01   2.9114199e-02
   2.0000000e+00  -3.4485974e-01   6.8096942e-01   3.0170449e+00   7.4911045e-01  -2.6219888e+00   2.0557556e+00  -1.2701887e+00  -1.0776473e-01   1.7843802e+00   8.5513807e-01
   2.0000000e+00  -1.4206681e+00  -6.5044420e-01   3.5557578e-01  -1.8100243e+00  -1.9870460e+00   4.4381739e-01  -4.6790811e-01  -2.4593078e-01  -8.3251545e-01  -3.0711776e-01
   2.0000000e+00   3.7062493e-01  -5.7854909e-01  -7.4966553e-01   1.8640376e+00   8.8252474e-01  -1.4459214e-01   1.9408578e+00   8.6828580e-01  -8.8558853e-01  -1.1747101e+00
   2.0000000e+00  -1.4841864e-01  -7.0161562e-01   1.0219248e+00   1.4444867e+00   1.3503869e+00   2.6301843e+00   6.3375550e-01   3.6194740e-01  -1.0299701e+00   6.8413663e-01
   1.0000000e+00   7.4857167e-01   6.6781310e-01   1.1687575e+00   1.5519997e+00   7.3498965e-01   3.5606934e-03  -8.4233497e-02   1.5407645e+00   2.1779014e-01  -9.2835306e-01
   2.0000000e+00  -1.8327254e+00   2.2619817e-01  -7.4936467e-01   1.0850808e+00   2.7923172e-01  -5.7743931e-02   1.7096722e-01   1.5266443e+00   1.4371105e+00  -1.6711904e-01
   2.0000000e+00   1.3396514e+00  -1.1819837e+00   7.3154486e-01  -1.2009118e-01   1.5378237e+00  -8.9876648e-01   2.2263052e-01   4.2663829e-01  -8.2359073e-01  -2.2701507e-01
   2.0000000e+00  -1.9997080e-01   1.2031462e+00  -1.7757203e+00  -1.3232362e-01  -4.8583246e-01   1.1313174e+00  -5.0362951e-01  -3.8085051e-01   1.7962070e+00  -6.1156752e-01
   2.0000000e+00   7.9252536e-01  -3.5947032e+00   2.5420622e+00  -1.0156984e+00  -2.8412695e-02  -1.2429718e+00   1.6473726e+00  -1.0768532e-01   6.3388599e-01  -2.8188774e+00
   2.0000000e+00  -1.8236926e+00  -3.6592662e-01  -5.9688720e-01  -4.0158060e-01   1.1605473e-01  -8.5927658e-01   8.3394294e-01  -1.2413275e+00   6.3952584e-02   1.0513355e+00
   2.0000000e+00   1.4056910e+00  -5.5971801e-02  -9.4910304e-01  -7.8437417e-02  -1.6582562e+00  -6.6641540e-01  -1.7392334e+00  -1.5292437e-01  -3.3529695e-02  -1.2154689e+00
   2.0000000e+00   5.7100761e-01  -2.0214614e+00   5.3736130e-01  -6.6226017e-01  -5.8488981e-01   5.0789141e-01   9.1979710e-01  -1.0076287e+00  -1.4015021e-01  -2.6519241e-01
   2.0000000e+00  -5.0778285e-01  -5.9953362e-01   5.4254018e-01  -3.2622883e-01  -2.6386329e-01  -2.0226713e+00  -4.6464819e-01   1.0659062e+00  -1.8460522e+00  -4.5344652e-01
   2.0000000e+00  -1.4244182e+00  -9.3362338e-01   4.4258338e-01   1.2044173e+00  -1.8827344e+00   9.9464450e-01  -1.9598239e-01   2.8211292e-01   2.5912087e-01  -1.8222340e+00
   2.0000000e+00  -8.4010610e-01  -1.1156759e+00  -7.1646294e-01  -1.4749255e+00   1.5305531e-01   1.9594344e+00  -1.6594030e+00  -1.5292903e+00  -1.5333174e+00   3.4352330e-02
   2.0000000e+00   7.8385048e-01  -8.4455913e-01   1.0738824e+00   1.7050399e+00   3.7781235e-01   4.8100020e-01  -1.4578293e+00  -8.2458954e-01   9.3056474e-02  -3.8932154e-01
   2.0000000e+00   1.7167910e+00  -5.0580193e-01   2.4968205e+00  -4.5120177e-01  -2.4157828e-01   1.2588896e+00  -7.9529902e-01   1.1879551e+00  -1.2626546e+00   5.9731527e-01
   2.0000000e+00   1.8635334e+00  -1.4870722e-02   1.0918225e-01   2.8400699e-01  -1.0131080e+00  -3.5718809e-01   2.9066564e-01   8.8573277e-01   3.3988081e-02  -2.8935685e-01
   2.0000000e+00  -4.7923902e-01  -1.1651637e+00  -7.9265126e-02   2.7076210e-01   1.5017478e+00  -1.4227287e+00  -4.4816096e-01   1.0176738e+00  -2.9926911e-01   6.1014306e-01
   2.0000000e+00  -1.5464235e+00   1.0867686e-01  -4.8003705e-01   7.7600062e-01  -4.8300669e-01  -1.0551728e+00  -7.4870517e-01  -1.3095443e+00  -3.8371036e-01   1.1737552e+00
   2.0000000e+00  -5.4930016e-01   1.9530668e+00   5.6498478e-01  -9.6474824e-02   1.9731174e+00   5.5392250e-01   7.7325356e-01   7.1944969e-01   1.6330753e+00   4.2028815e-03
   2.0000000e+00   2.1001569e+00  -3.7876502e-01   1.5427735e+00  -1.0278059e+00   8.6629169e-01   1.2417459e-01  -4.2419127e-01   9.0007154e-01   1.9332499e+00  -1.8049878e+00
   1.0000000e+00   7.4845658e-01   1.1022179e-02  -7.6816153e-02   1.2927660e+00  -9.7479098e-01   7.8498451e-01  -4.5259339e-01   4.5528113e-01  -2.8626516e-01   4.1310340e-01
   2.0000000e+00   1.1813977e+00  -3.4027125e-01  -1.4638249e+00  -1.7474660e-01   7.1461860e-01   5.2568245e-01   1.1665271e+00  -1.3834919e+00   1.8822806e+00  -8.9119589e-02
   2.0000000e+00   6.0234890e-02  -1.3374011e+00  -2.5828106e-02  -6.6451704e-01  -5.0694658e-01  -1.0544283e+00   9.2811265e-01   1.2106757e-01   5.6574681e-01  -4.6406668e-01
   2.0000000e+00  -4.2259917e-01   2.6563855e-01   5.7657255e-01   1.6834074e+00  -2.7187063e+00   9.1297251e-01  -7.1055657e-01  -9.2491174e-01   9.9315768e-01  -1.7695125e+00
   2.0000000e+00   1.7952853e-01  -1.9454988e+00   8.3455007e-01  -1.4687614e-02   2.0031771e-01   1.5382424e+00  -9.2916110e-01  -8.7419707e-01   4.9070255e-01  -3.5201883e-01
   2.0000000e+00  -1.3513341e-01  -1.5166040e+00  -9.4148751e-02   7.7288137e-01  -3.9774709e-01   9.8108487e-01   5.3425508e-01   9.5863332e-01  -8.7206470e-01  -8.2063601e-01
   2.0000000e+00  -2.4413786e-01  -2.9082125e-01  -2.2040899e+00   1.0522773e-03   6.2693739e-01  -8.3043326e-01  -1.4809302e-01   1.4503073e+00   4.4127577e-01  -1.5403319e-01
   2.0000000e+00  -2.9447803e-01   8.4144899e-01   2.6358979e+00  -1.7109914e+00   1.3199684e+00  -6.6670830e-01  -7.9930702e-02   3.2165811e-01   1.7597102e-01   2.2633224e-01
   2.0000000e+00  -8.7100628e-01   8.0253642e-02  -2.2681489e+00  -1.0809572e-01  -6.1043950e-01  -2.0909780e+00  -7.4231045e-01   2.2690836e+00   1.1786556e+00   2.9107322e-02
   2.0000000e+00  -4.0044319e-01  -2.6436039e-01  -1.0806313e+00   1.6296555e+00  -6.3977714e-01  -1.3048529e+00   8.4345205e-01  -1.1781210e-01  -2.2647710e+00  -1.8955630e-01
   2.0000000e+00   3.2193473e-01  -6.6736940e-01   4.7837815e-01  -5.0873659e-01   3.1083146e-01  -1.2736124e-01   1.3232268e+00   4.7581230e-01   4.7515982e-01  -1.5723553e-01
   2.0000000e+00  -1.4918918e+00  -1.0107218e-02  -1.3536494e+00  -1.0200210e+00  -9.4466482e-01   7.5721056e-01  -3.2858196e-01   2.0104730e-01   1.8645724e-01   1.7768088e+00
   2.0000000e+00   1.6597125e+00  -1.0483267e+00   1.2238580e+00  -1.5415665e+00   2.1797562e-01  -1.8740632e+00  -3.1132810e-01  -2.5656572e-01  -1.4545238e-02   2.2830013e-01
   1.0000000e+00   2.4053751e-01   7.8360788e-01   1.5570724e-01  -7.9597308e-01  -2.0759929e+00   7.9526548e-01  -5.4107344e-01  -1.3042850e+00  -6.8707262e-01   7.1191626e-01
   2.0000000e+00   2.4294179e+00  -1.3557317e+00   1.3889857e+00   2.2224007e+00  -9.2816254e-01  -1.5011734e+00  -1.3535230e+00  -7.2552645e-01  -1.3767414e+00   3.4296946e-01
   2.0000000e+00  -7.2020047e-01  -1.1654438e-01   1.9802041e+00  -2.3225661e-01   2.3156011e-01  -5.8450151e-01   6.1148463e-02   1.1292445e+00  -7.2648608e-01  -1.9712527e-01
   1.0000000e+00   2.4225970e-01   2.2267453e-01   7.3828755e-01   5.0516093e-01  -1.5265868e+00   2.4433488e-01  -1.0139662e-01  -4.3541329e-01  -5.2976441e-01   5.4616010e-01
   2.0000000e+00  -1.8936782e+00  -1.4759109e+00   1.0844399e-01   1.4541777e+00  -2.9008633e-01   2.5888427e-01  -1.5810659e+00  -4.1155581e-02  -4.0195425e-02   6.2778291e-02
   1.0000000e+00   4.1794879e-01   3.8979669e-01   1.5944286e+00  -9.5629864e-01  -4.7482702e-01  -2.4519683e-01  -6.6894652e-01   1.0166915e+00  -4.8481166e-01   3.3612658e-01
   1.0000000e+00   5.3104727e-01   4.0835048e-01   9.1649485e-01  -4.4682716e-01  -2.1680847e+00   4.6809477e-01   7.0253641e-01  -3.0513025e-01  -6.4584091e-01  -7.8813873e-01
   2.0000000e+00   1.9401512e+00  -3.0524860e-01  -1.2010385e-01  -7.8128953e-01  -1.5678460e+00  -8.4018127e-02   6.6016580e-01   3.9645719e-01  -1.3167532e+00   5.7830419e-01
   2.0000000e+00   1.7905674e+00  -1.2506258e-01  -1.4889652e+00  -1.5446716e+00   3.6775976e-01   2.2958215e+00   1.2249356e+00  -3.9138456e-01   2.9192766e+00   1.5926268e+00
   1.0000000e+00   2.4779267e-01  -1.7346804e+00  -4.4866267e-01  -2.2257352e-01  -1.5870944e+00  -1.2930381e-01   3.7189116e-01   2.3553382e-01   1.0592012e+00   1.3904137e+00
   2.0000000e+00  -7.9006177e-01   7.3678002e-01  -7.4745275e-01  -7.1564547e-01  -4.4262087e-01   8.4280952e-01  -1.1639568e+00   1.0733184e+00  -9.2884269e-02   1.7824250e+00
   2.0000000e+00   1.0692415e+00  -4.4549606e-01   2.9005913e-01  -2.5443363e-01   2.7353267e-01   6.5364607e-01   1.7152703e-01   1.2612517e-01  -3.9608700e-01  -3.5152225e-02
   2.0000000e+00  -7.7638375e-01  -4.4077437e-01   1.5070183e+00  -1.9405829e-01  -1.2325031e+00   5.9643484e-02   4.0397583e-01   1.4126415e-01  -4.3646683e-01   1.2962444e+00
   2.0000000e+00   1.4308753e+00  -7.4415812e-02   7.9072322e-01   1.1210716e-01   6.6322788e-01  -1.0652953e+00  -1.5564358e+00   1.3387540e+00  -8.3215599e-01   1.4575885e-01
   2.0000000e+00  -7.7081136e-01  -4.4994370e-02  -9.1630210e-03  -5.7029921e-01   9.8087265e-01  -2.2592848e+00  -1.0717315e+00  -1.4779172e+00  -1.6205356e+00  -1.8723973e+00
   2.0000000e+00   1.7954647e+00  -5.1466866e-01  -1.7216933e-01   2.3780257e+00   4.5325078e-01  -2.2926008e-01  -1.0968542e+00   7.1414188e-01   5.5539456e-01   2.8168556e-01
   2.0000000e+00   2.4221982e-01  -1.4125182e+00  -1.4635272e+00   2.4069688e-01   1.3368575e+00   1.5904427e-01  -9.6599241e-01   1.9116282e+00   1.6925623e+00   2.9631805e-01
   2.0000000e+00  -2.6414070e+00  -2.8564337e-01   1.4030015e+00   5.7677153e-01   5.3147749e-01   5.8849361e-01   1.1493931e+00   4.6546532e-01   2.2859337e-01   1.0793491e+00
   2.0000000e+00  -1.2478684e+00   4.8878314e-01  -1.2292680e-01  -1.4567663e+00   1.3342600e+00   5.2264140e-01   4.9898553e-01   6.2331446e-01  -7.8592954e-01  -1.2644777e+00
   2.0000000e+00  -6.2166464e-01   5.6928853e-02   3.4859064e-01   5.1132017e-01   5.1264246e-01  -1.2140820e+00   7.0915376e-01   1.1197490e+00  -9.9471194e-01  -4.1780676e-01
   1.0000000e+00   4.1267364e-01   9.2118723e-01   9.3438235e-01  -4.5519254e-01   1.2658026e+00  -2.5308426e+00  -6.2151493e-01  -4.4110187e-01   1.0622144e+00   7.2267596e-01
   2.0000000e+00   1.9381772e-02   8.9227502e-01  -7.6811043e-01  -7.7008784e-01  -1.5327922e+00  -8.6007900e-01  -1.2362580e+00  -1.6274377e+00   1.1748578e-01  -1.4724674e+00
   2.0000000e+00   2.3354777e-01   6.6174817e-01  -1.4080173e+00  -3.4688993e-01  -6.4967093e-01  -1.8634427e-01   1.1279577e+00  -3.8123485e-01   2.8902261e-01  -5.7390946e-01
   1.0000000e+00   7.4395935e-01   3.8989845e-01  -9.6733256e-01   7.4075527e-01   8.7412410e-01  -6.2451580e-01   2.4371017e-01   7.7724038e-01   2.7430787e-01  -1.1630427e+00
   2.0000000e+00  -4.1190552e-01  -1.3846161e+00  -1.0869691e+00   5.3336936e-02  -5.4100326e-01  -1.0063064e+00  -9.7201353e-02  -1.3397191e+00   1.1631469e+00   5.4644553e-01
   2.0000000e+00   1.5799905e+00  -3.9652931e-01   7.2616191e-01  -1.0949790e+00   2.0918270e-01  -2.5622860e-01   6.1405934e-01  -2.6010752e+00   1.7643487e+00  -1.0129364e-01
   2.0000000e+00  -5.1242008e-01   6.5431788e-01  -1.1389089e-02   1.8249776e-01   8.3639268e-01  -1.4487554e+00  -5.6210768e-01  -1.2458645e+00  -5.6137675e-01   2.5069933e-01
   2.0000000e+00  -1.9084400e+00  -1.7034951e-03   1.6610125e+00   5.4089828e-01   8.3887442e-01   1.7077373e+00  -2.7762510e-01   3.6224224e+00  -5.6397685e-01   1.4263540e+00
   2.0000000e+00  -4.6530032e-01   1.1412221e-01  -2.1873165e-01   1.7008145e+00  -8.7085768e-01  -1.5563657e+00   1.1208222e+00   1.1884947e+00  -9.8913007e-01  -5.7987848e-01
